0.0001
0.00012067926406393288
0.00014563484775012445
0.00017575106248547912
0.00021209508879201905
0.0002559547922699536
0.00030888435964774815
0.0003727593720314938
0.0004498432668969444
0.0005428675439323859
0.0006551285568595509
0.0007906043210907702
0.0009540954763499944
0.0011513953993264468
0.0013894954943731374
0.0016768329368110067
0.0020235896477251557
0.0024420530945486497
0.0029470517025518097
0.0035564803062231283
0.004291934260128779
0.005179474679231213
0.0062505519252739694
0.007543120063354615
0.009102981779915217
0.010985411419875584
0.013257113655901081
0.015998587196060572
0.019306977288832496
0.023299518105153717
0.02811768697974228
0.033932217718953266
0.040949150623804234
0.04941713361323833
0.05963623316594643
0.07196856730011514
0.08685113737513521
0.10481131341546852
0.12648552168552957
0.15264179671752318
0.18420699693267145
0.22229964825261933
0.2682695795279725
0.32374575428176433
0.3906939937054613
0.47148663634573895
0.5689866029018293
0.6866488450042998
0.8286427728546842
1.0
