0.0
0.0
0.0
0.0
0.0
0.0
0.0
0.0
0.0
0.0
0.0
0.0
1.34276e-05
2.19206e-05
3.49959e-05
5.50325e-05
8.5179e-05
0.000129099
0.00019024
0.000271032
0.000372094
0.000491755
0.000626
0.0007689
0.000913145
0.00105105
0.00117524
0.00127955
0.00135956
0.00141286
0.00143903
0.00143932
0.00141622
0.00137312
0.00131368
0.0012418
0.00116117
0.00107517
0.000986753
0.000898391
0.00081203
0.000729155
0.000650868
0.00057794
0.000510819
0.000449675
0.000394455
0.000344948
0.000300831
0.000261726
0.0
0.0
0.0
0.0
0.0
0.0
0.0
0.0
0.0
0.0
0.0
0.0
1.62057e-05
2.64554e-05
4.22346e-05
6.64174e-05
0.000102798
0.000155798
0.000229588
0.000327092
0.000449056
0.000593464
0.000755462
0.000927929
0.00110201
0.00126843
0.00141828
0.00154418
0.00164073
0.00170504
0.00173663
0.00173698
0.0017091
0.00165708
0.00158535
0.0014986
0.0014013
0.00129751
0.00119081
0.00108417
0.000979951
0.000879938
0.000785462
0.000697452
0.000616451
0.000542662
0.000476024
0.000416279
0.000363039
0.000315847
0.0
0.0
0.0
0.0
0.0
0.0
0.0
0.0
0.0
0.0
0.0
1.15225e-05
1.95582e-05
3.19283e-05
5.09732e-05
8.01562e-05
0.000124063
0.000188028
0.00027708
0.000394743
0.000541942
0.000716211
0.000911727
0.00111986
0.00132991
0.00153076
0.00171162
0.00186355
0.00198005
0.00205768
0.00209577
0.00209619
0.00206255
0.00199977
0.0019132
0.0018085
0.00169108
0.00156583
0.00143706
0.00130837
0.0011826
0.0010619
0.000947888
0.000841678
0.000743926
0.000654879
0.00057446
0.00050236
0.000438111
0.00038116
0.0
0.0
0.0
0.0
0.0
0.0
0.0
0.0
0.0
0.0
0.0
1.39056e-05
2.3605e-05
3.8534e-05
6.15187e-05
9.67342e-05
0.000149731
0.000226922
0.000334396
0.000476413
0.000654032
0.000864364
0.00110032
0.00135148
0.00160498
0.00184737
0.00206564
0.00224896
0.0023896
0.00248323
0.0025292
0.0025297
0.00248909
0.00241332
0.00230885
0.0021825
0.00204079
0.00188964
0.00173423
0.00157893
0.00142715
0.00128149
0.0011439
0.00101573
0.000897762
0.0007903
0.000693251
0.000606242
0.000528707
0.000459979
0.0
0.0
0.0
0.0
0.0
0.0
0.0
0.0
0.0
0.0
0.0
1.67838e-05
2.84891e-05
4.65072e-05
7.4246e-05
0.00011675
0.000180714
0.000273874
0.000403577
0.000574975
0.000789334
0.00104317
0.00132791
0.001631
0.00193696
0.00222943
0.00249286
0.0027141
0.00288375
0.00299681
0.00305228
0.00305287
0.00300386
0.00291241
0.00278633
0.00263384
0.00246282
0.0022804
0.00209287
0.00190545
0.00172227
0.00154649
0.00138045
0.00122577
0.00108341
0.000953723
0.000836606
0.000731604
0.000638036
0.000555095
0.0
0.0
0.0
0.0
0.0
0.0
0.0
0.0
0.0
0.0
1.11821e-05
2.02582e-05
3.43853e-05
5.61319e-05
8.96099e-05
0.000140908
0.000218106
0.000330542
0.000487083
0.000693913
0.000952625
0.00125897
0.00160261
0.00196841
0.00233764
0.00269059
0.00300848
0.00327546
0.00348028
0.00361661
0.00368353
0.00368425
0.00362508
0.00351472
0.00336255
0.00317852
0.00297213
0.00275199
0.00252566
0.00229948
0.00207842
0.00186629
0.00166591
0.00147924
0.00130744
0.00115094
0.0010096
0.000882887
0.00076997
0.000669879
0.0
0.0
0.0
0.0
0.0
0.0
0.0
0.0
0.0
0.0
1.34973e-05
2.4451e-05
4.15031e-05
6.77491e-05
0.000108157
0.000170077
0.000263224
0.000398937
0.000587885
0.000837485
0.00114973
0.00151942
0.00193417
0.00237561
0.00282118
0.00324716
0.00363086
0.00395297
0.00420003
0.00436462
0.00444537
0.00444622
0.0043748
0.0042416
0.00405795
0.00383586
0.00358677
0.00332109
0.00304795
0.002775
0.00250822
0.00225222
0.0020104
0.00178513
0.0015778
0.00138894
0.00121837
0.00106548
0.000929186
0.000808397
0.0
0.0
0.0
0.0
0.0
0.0
0.0
0.0
0.0
0.0
1.62924e-05
2.95135e-05
5.00948e-05
8.17732e-05
0.000130544
0.000205276
0.000317715
0.000481505
0.000709548
0.00101082
0.00138766
0.0018338
0.00233432
0.00286708
0.00340487
0.00391889
0.00438184
0.00477062
0.00506883
0.00526737
0.00536485
0.0053658
0.00527959
0.00511882
0.00489717
0.00462914
0.00432852
0.00400789
0.00367826
0.00334885
0.0030269
0.00271796
0.00242612
0.00215427
0.00190406
0.00167614
0.00147031
0.00128577
0.00112132
0.000975556
0.0
0.0
0.0
0.0
0.0
0.0
0.0
0.0
0.0
0.0
1.96664e-05
3.56257e-05
6.04653e-05
9.87022e-05
0.000157574
0.000247774
0.000383486
0.000581152
0.000856375
0.00122001
0.00167482
0.00221331
0.00281731
0.00346032
0.0041093
0.00472967
0.00528854
0.00575751
0.00611726
0.00635693
0.00647445
0.00647561
0.00637154
0.00617748
0.00590997
0.00558649
0.00522367
0.00483672
0.00443891
0.00404137
0.00365283
0.00328
0.00292781
0.00259973
0.00229779
0.00202273
0.00177434
0.00155164
0.00135318
0.00117728
0.0
0.0
0.0
0.0
0.0
0.0
0.0
0.0
0.0
1.18431e-05
2.37406e-05
4.30049e-05
7.29861e-05
0.000119148
0.000190203
0.000299086
0.0004629
0.000701508
0.00103365
0.00147256
0.00202148
0.00267136
0.00340036
0.00417636
0.0049597
0.00570823
0.00638243
0.00694858
0.00738274
0.00767186
0.00781366
0.00781501
0.00768936
0.00745513
0.00713225
0.00674184
0.00630396
0.00583696
0.00535687
0.00487709
0.0044082
0.00395826
0.00353324
0.00313731
0.00277293
0.00244099
0.00214123
0.00187247
0.00163299
0.0014207
0.0
0.0
0.0
0.0
0.0
0.0
0.0
0.0
0.0
1.42997e-05
2.86612e-05
5.19167e-05
8.81145e-05
0.000143833
0.000229605
0.000361028
0.000558764
0.000846744
0.00124769
0.00177744
0.00243996
0.00322435
0.00410416
0.00504059
0.00598593
0.00688949
0.00770301
0.00838619
0.00891007
0.00925893
0.00943005
0.00943153
0.00927981
0.00899707
0.00860735
0.00813615
0.00760768
0.00704407
0.00646466
0.00588565
0.00531977
0.00477678
0.00426385
0.00378604
0.0033463
0.00294572
0.00258397
0.00225964
0.00197064
0.00171446
0.0
0.0
0.0
0.0
0.0
0.0
0.0
0.0
0.0
1.72655e-05
3.46044e-05
6.26831e-05
0.000106378
0.000173638
0.000277183
0.000435825
0.000674537
0.00102218
0.0015061
0.00214554
0.00294523
0.0038919
0.00495377
0.00608411
0.00722476
0.00831523
0.009297
0.0101214
0.0107538
0.0111744
0.0113808
0.0113825
0.0111993
0.010858
0.0103876
0.00981884
0.00918104
0.00850082
0.00780155
0.00710276
0.00641984
0.00576454
0.00514553
0.00456891
0.00403823
0.00355481
0.00311826
0.00272686
0.00237809
0.00206894
0.0
0.0
0.0
0.0
0.0
0.0
0.0
0.0
0.0
2.08498e-05
4.17855e-05
7.5682e-05
0.000128438
0.000209644
0.000334642
0.000526154
0.000814319
0.00123397
0.00181818
0.00258992
0.00355516
0.00469786
0.00597946
0.00734362
0.00872024
0.0100363
0.011221
0.012216
0.0129786
0.0134865
0.0137353
0.0137372
0.013516
0.0131039
0.0125361
0.0118496
0.0110798
0.0102589
0.00941492
0.00857157
0.00774739
0.00695655
0.00620951
0.00551363
0.00487321
0.00428982
0.00376299
0.00329066
0.00286978
0.00249671
0.0
0.0
0.0
0.0
0.0
0.0
0.0
0.0
1.07996e-05
2.518e-05
5.04605e-05
9.13906e-05
0.000155088
0.000253131
0.000404055
0.000635278
0.000983155
0.0014898
0.00219499
0.0031267
0.00429183
0.005671
0.00721796
0.00886431
0.0105259
0.0121137
0.0135437
0.0147443
0.0156649
0.0162772
0.0165771
0.0165793
0.016312
0.0158146
0.0151291
0.0143005
0.0133714
0.0123805
0.0113619
0.0103441
0.00934945
0.00839504
0.00749347
0.00665368
0.00588081
0.00517679
0.00454102
0.003971
0.00346312
0.0030129
0.0
0.0
0.0
0.0
0.0
0.0
0.0
0.0
1.30471e-05
3.04154e-05
6.09474e-05
0.000110372
0.000187288
0.00030568
0.000487917
0.000767108
0.00118713
0.00179878
0.00265014
0.00377488
0.00518141
0.00684627
0.00871372
0.0107009
0.0127058
0.0146224
0.0163477
0.0177964
0.0189072
0.0196459
0.0200074
0.0200097
0.0196868
0.0190861
0.0182587
0.0172585
0.0161369
0.014941
0.0137117
0.0124832
0.0112828
0.010131
0.0090429
0.00802942
0.00709672
0.00624711
0.00547987
0.00479197
0.00417909
0.00363578
0.0
0.0
0.0
0.0
0.0
0.0
0.0
0.0
1.57663e-05
3.67481e-05
7.36239e-05
0.000133314
0.000226211
0.000369179
0.000589247
0.000926431
0.00143357
0.00217212
0.00320011
0.00455789
0.0062559
0.00826557
0.0105194
0.0129182
0.015338
0.0176509
0.0197332
0.0214811
0.0228213
0.0237123
0.0241482
0.0241503
0.0237602
0.0230348
0.0220358
0.0208283
0.0194746
0.0180311
0.0165473
0.0150647
0.0136159
0.0122258
0.0109127
0.00968957
0.00856398
0.00753867
0.00661278
0.00578264
0.00504304
0.0043874
0.0
0.0
0.0
0.0
0.0
0.0
0.0
0.0
1.90566e-05
4.44086e-05
8.89571e-05
0.000161059
0.000273278
0.00044595
0.00071175
0.00111892
0.00173146
0.00262334
0.00386451
0.00550402
0.00755381
0.00997999
0.0127008
0.0155956
0.0185168
0.0213085
0.0238208
0.0259301
0.0275462
0.0286212
0.0291467
0.0291485
0.0286769
0.0278009
0.0265946
0.025137
0.0235028
0.0217604
0.0199695
0.0181801
0.0164314
0.0147537
0.013169
0.0116929
0.0103345
0.00909718
0.00797983
0.00697805
0.00608553
0.00529434
0.0
0.0
0.0
0.0
0.0
0.0
0.0
0.0
2.30424e-05
5.36794e-05
0.000107515
0.000194637
0.000330195
0.000538802
0.000859919
0.0013517
0.00209149
0.00316867
0.00466754
0.00664718
0.00912229
0.0120513
0.0153361
0.0188304
0.0223562
0.0257252
0.0287569
0.031302
0.0332516
0.0345479
0.035181
0.035182
0.0346119
0.0335529
0.0320971
0.0303372
0.0283644
0.0262611
0.0240994
0.0219396
0.0198291
0.0178043
0.0158917
0.0141103
0.012471
0.0109778
0.00962939
0.00842047
0.00734342
0.00638867
0.0
0.0
0.0
0.0
0.0
0.0
0.0
0.0
2.7872e-05
6.49136e-05
0.00012998
0.000235262
0.00039906
0.000651144
0.00103907
0.00163327
0.00252692
0.00382809
0.00563858
0.00802934
0.011018
0.0145544
0.0185197
0.0227385
0.0269943
0.0310603
0.0347197
0.0377891
0.0401409
0.0417039
0.0424662
0.042466
0.0417764
0.0404969
0.0387387
0.0366136
0.0342321
0.031693
0.0290836
0.0264767
0.0239294
0.0214856
0.0191772
0.0170274
0.015049
0.013247
0.0116198
0.0101609
0.00886119
0.00770906
0.0
0.0
0.0
0.0
0.0
0.0
0.0
1.15705e-05
3.3729e-05
7.85218e-05
0.000157186
0.000284459
0.000482446
0.00078711
0.00125591
0.001974
0.00305382
0.00462571
0.00681261
0.00970039
0.0133099
0.0175804
0.0223682
0.0274606
0.0325987
0.0375063
0.0419199
0.0456239
0.0484616
0.0503448
0.0512629
0.0512601
0.0504253
0.0488795
0.0467557
0.0441894
0.041314
0.0382487
0.0350988
0.031952
0.0288773
0.0259278
0.0231418
0.0205472
0.0181597
0.0159851
0.0140214
0.0122609
0.0106925
0.00930217
0.0
0.0
0.0
0.0
0.0
0.0
0.0
1.402e-05
4.08431e-05
9.50385e-05
0.000190179
0.000344087
0.000583481
0.000951793
0.00151857
0.00238659
0.00369152
0.00559115
0.00823352
0.0117221
0.0160819
0.0212392
0.0270206
0.0331689
0.0393698
0.0452925
0.0506197
0.055089
0.0585092
0.0607804
0.0618847
0.0618783
0.0608677
0.0589989
0.0564332
0.0533338
0.0498617
0.0461608
0.0423582
0.0385596
0.0348483
0.0312882
0.0279258
0.0247944
0.021913
0.0192887
0.016919
0.014795
0.0129019
0.0112242
0.0
0.0
0.0
0.0
0.0
0.0
0.0
1.70023e-05
4.94922e-05
0.000115092
0.000230222
0.000416411
0.000705978
0.00115142
0.00183683
0.00288627
0.0044641
0.00676012
0.00995359
0.014169
0.0194359
0.0256653
0.032647
0.0400712
0.0475565
0.0547046
0.0611335
0.0665241
0.0706506
0.0733852
0.0747138
0.0747005
0.073476
0.0712162
0.0681159
0.0643722
0.0601789
0.0557103
0.0511193
0.0465334
0.0420537
0.0377566
0.0336982
0.029919
0.0264416
0.0232746
0.0204149
0.0178514
0.0155674
0.0135431
0.0
0.0
0.0
0.0
0.0
0.0
0.0
2.06391e-05
6.00173e-05
0.000139478
0.000278857
0.000504255
0.000854607
0.00139365
0.00222295
0.00349239
0.00540066
0.00817707
0.0120376
0.017132
0.0234968
0.0310227
0.0394546
0.04842
0.0574575
0.066085
0.073842
0.080345
0.0853167
0.0886129
0.0902083
0.0901859
0.0887012
0.0859677
0.0822203
0.0776969
0.0726324
0.0672361
0.0616928
0.0561563
0.0507486
0.0455615
0.0406632
0.036102
0.0319053
0.0280834
0.0246325
0.021539
0.018783
0.0163404
0.0
0.0
0.0
0.0
0.0
0.0
0.0
2.5085e-05
7.28607e-05
0.000169172
0.000338047
0.000610964
0.00103528
0.00168773
0.00269149
0.00422813
0.00653679
0.0098956
0.014564
0.0207232
0.028416
0.0375093
0.0476967
0.0585228
0.0694351
0.0798497
0.0892098
0.0970525
0.103046
0.107013
0.108929
0.108891
0.107089
0.10378
0.0992494
0.0937831
0.0876652
0.0811476
0.0744539
0.067769
0.0612408
0.0549791
0.049067
0.0435618
0.038497
0.0338847
0.0297203
0.0259875
0.0226619
0.0197145
0.0
0.0
0.0
0.0
0.0
0.0
0.0
3.0532e-05
8.85583e-05
0.000205415
0.000410159
0.000740946
0.00125505
0.00204553
0.00326122
0.00512173
0.00791678
0.0119816
0.0176301
0.0250795
0.0343802
0.0453726
0.0576794
0.0707577
0.0839314
0.0965015
0.107795
0.117254
0.124476
0.129253
0.131548
0.131488
0.129299
0.125292
0.119812
0.113206
0.105812
0.0979392
0.0898552
0.0817832
0.0739015
0.0663424
0.059206
0.0525614
0.0464488
0.0408828
0.0358575
0.0313537
0.0273405
0.0237843
0.0
0.0
0.0
0.0
0.0
0.0
0.0
3.72239e-05
0.000107792
0.000249722
0.0004982
0.000899459
0.00152286
0.00248125
0.00395476
0.00620925
0.00959519
0.0145174
0.0213556
0.030369
0.0416175
0.054908
0.0697814
0.0855815
0.101492
0.116665
0.130291
0.141695
0.150395
0.156142
0.158889
0.158794
0.156131
0.151275
0.144643
0.136655
0.12772
0.118208
0.108443
0.0986962
0.0891786
0.0800527
0.0714379
0.0634179
0.0560408
0.0493237
0.0432597
0.0378245
0.0329831
0.0286922
0.0
0.0
0.0
0.0
0.0
0.0
1.08866e-05
4.549e-05
0.000131442
0.000304086
0.000606017
0.00109329
0.00185001
0.00301299
0.00480058
0.00753474
0.0116401
0.0176047
0.0258868
0.0367987
0.0504109
0.0664844
0.0844682
0.103559
0.122774
0.141092
0.157528
0.171279
0.181754
0.188662
0.191948
0.191799
0.188553
0.182664
0.174635
0.164971
0.154169
0.142674
0.130878
0.119105
0.107612
0.0965933
0.0861934
0.0765131
0.0676095
0.0595034
0.0521859
0.0456279
0.0397865
0.0346098
0.0
0.0
0.0
0.0
0.0
0.0
1.33984e-05
5.57424e-05
0.000160665
0.00037099
0.000738377
0.00133086
0.0022505
0.00366331
0.00583454
0.0091537
0.0141352
0.0213692
0.0314089
0.0446271
0.0611099
0.0805586
0.102308
0.125383
0.148596
0.170705
0.190535
0.207103
0.219719
0.228007
0.231934
0.231704
0.227742
0.220593
0.210864
0.199169
0.186106
0.17221
0.157956
0.143734
0.129853
0.116547
0.103991
0.0923065
0.0815606
0.0717783
0.0629487
0.0550365
0.0479887
0.0417436
0.0
0.0
0.0
0.0
0.0
0.0
1.65603e-05
6.85219e-05
0.0001969
0.000453634
0.000901479
0.00162301
0.00274214
0.00446087
0.00710124
0.0111357
0.0171876
0.02597
0.0381481
0.0541751
0.074143
0.0976905
0.124004
0.151901
0.179949
0.206641
0.23056
0.250523
0.265695
0.27564
0.280308
0.279969
0.27512
0.266431
0.254636
0.240473
0.22467
0.207867
0.190638
0.173452
0.156685
0.140617
0.125457
0.111352
0.098382
0.0865769
0.0759231
0.0663768
0.0578743
0.050341
0.0
0.0
0.0
0.0
0.0
0.0
2.05686e-05
8.45505e-05
0.000242057
0.000556214
0.00110319
0.00198347
0.00334785
0.00544214
0.00865759
0.0135687
0.0209305
0.0316061
0.046397
0.0658447
0.090055
0.118581
0.150431
0.184172
0.218067
0.250296
0.279148
0.303193
0.321427
0.333342
0.338878
0.338367
0.332421
0.321845
0.307532
0.290374
0.271238
0.250914
0.230083
0.209314
0.189056
0.169648
0.151343
0.134314
0.11866
0.104414
0.0915595
0.0800433
0.0697867
0.0607
0.0
0.0
0.0
0.0
0.0
0.0
2.56994e-05
0.000104808
0.000298724
0.000684208
0.00135394
0.00243024
0.00409698
0.00665373
0.0105774
0.0165663
0.0255345
0.0385308
0.0565178
0.0801406
0.109523
0.144108
0.182688
0.223518
0.264482
0.303393
0.338186
0.367126
0.389041
0.403284
0.409827
0.409068
0.401751
0.388864
0.371468
0.350657
0.327483
0.302886
0.277692
0.252585
0.228105
0.204661
0.182555
0.161997
0.143103
0.125912
0.110402
0.0965097
0.0841385
0.0731792
0.0
0.0
0.0
0.0
0.0
0.0
3.2339e-05
0.000130633
0.00037027
0.000844836
0.00166723
0.00298651
0.00502778
0.00815662
0.0129547
0.0202723
0.0312212
0.0470674
0.0689747
0.0977066
0.133403
0.175366
0.22213
0.271555
0.321086
0.368075
0.410016
0.444849
0.471132
0.488133
0.495844
0.494697
0.485664
0.469928
0.448766
0.423506
0.395424
0.365637
0.335152
0.304791
0.275203
0.246879
0.220181
0.195361
0.172556
0.151811
0.133101
0.116343
0.101423
0.0882064
0.0
0.0
0.0
0.0
0.0
0.0
4.10366e-05
0.000163885
0.000461396
0.00104794
0.00206116
0.00368334
0.00618997
0.0100298
0.0159131
0.0248767
0.0382731
0.0576353
0.0843655
0.119365
0.162787
0.213766
0.270479
0.330349
0.390268
0.446989
0.497543
0.539411
0.570916
0.591162
0.600141
0.598477
0.587288
0.568022
0.542243
0.511549
0.477485
0.441398
0.404496
0.367769
0.331997
0.297773
0.265523
0.235558
0.208033
0.183002
0.160431
0.140219
0.122228
0.106293
0.0
0.0
0.0
0.0
0.0
0.0
5.26023e-05
0.000207187
0.000578606
0.00130685
0.00256018
0.00456226
0.00765146
0.0123786
0.0196151
0.030629
0.0470638
0.0707783
0.103457
0.146178
0.199074
0.261071
0.32993
0.402479
0.474971
0.543465
0.60436
0.654683
0.692355
0.71639
0.726799
0.724338
0.710405
0.686754
0.65531
0.617974
0.57661
0.532854
0.488162
0.443722
0.400462
0.359099
0.320146
0.283964
0.250744
0.220545
0.193319
0.168946
0.147256
0.128048
0.0
0.0
0.0
0.0
0.0
0.0
6.82321e-05
0.000264371
0.000731217
0.00164042
0.00319849
0.00568045
0.00950296
0.0153461
0.0242802
0.0378596
0.0580898
0.0872179
0.12727
0.17952
0.244077
0.319576
0.403265
0.491256
0.578991
0.661695
0.735019
0.795359
0.840358
0.868768
0.880697
0.877071
0.859659
0.830551
0.792106
0.74662
0.696342
0.643264
0.589098
0.535296
0.482968
0.432969
0.385908
0.342224
0.302133
0.265701
0.232869
0.203484
0.17734
0.154193
0.0
0.0
0.0
0.0
0.0
1.21217e-05
8.97664e-05
0.000341067
0.000932398
0.00207522
0.00402315
0.00711631
0.011871
0.0191286
0.0302083
0.0470188
0.0720114
0.107913
0.157149
0.221207
0.300151
0.392238
0.49407
0.600895
0.707092
0.806937
0.895151
0.967445
1.02099
1.05443
1.06791
1.0626
1.0407
1.00476
0.957644
0.902156
0.840977
0.776508
0.710828
0.64566
0.582351
0.521891
0.46504
0.412296
0.363921
0.319977
0.280394
0.244976
0.213473
0.185589
0.0
0.0
0.0
0.0
0.0
1.70955e-05
0.000120061
0.000445686
0.00120153
0.00264873
0.00510097
0.00897961
0.0149278
0.0239908
0.0378048
0.0587187
0.089732
0.134153
0.194881
0.273643
0.370407
0.482939
0.607028
0.736797
0.865399
0.985897
1.09191
1.17839
1.24193
1.28099
1.2959
1.28816
1.26044
1.21592
1.15804
1.0902
1.01566
0.937286
0.857585
0.778616
0.701975
0.628871
0.560181
0.4965
0.43813
0.385144
0.337432
0.29476
0.256815
0.22324
0.0
0.0
0.0
0.0
0.0
2.47726e-05
0.000163585
0.000591136
0.00156742
0.00341655
0.00652773
0.0114265
0.0189175
0.0303086
0.0476362
0.0738031
0.112493
0.167698
0.242895
0.340047
0.458965
0.596788
0.748193
0.905977
1.06174
1.2071
1.33435
1.43748
1.51252
1.55785
1.57385
1.56259
1.52731
1.47194
1.40062
1.31754
1.22658
1.1312
1.03441
0.938653
0.845842
0.757414
0.674423
0.597547
0.527143
0.46327
0.405781
0.354394
0.308717
0.268312
0.0
0.0
0.0
0.0
0.0
3.69979e-05
0.000227966
0.000797771
0.00207469
0.00446187
0.00844432
0.0146822
0.0241916
0.038617
0.0605079
0.0934595
0.141996
0.210978
0.304506
0.424774
0.571339
0.740465
0.925494
1.1175
1.30616
1.48132
1.63378
1.75636
1.84456
1.89656
1.913
1.89663
1.85144
1.78227
1.69417
1.59222
1.48103
1.36485
1.2472
1.13103
1.01862
0.911662
0.811391
0.718614
0.633722
0.55676
0.487545
0.4257
0.370757
0.322172
0.0
0.0
0.0
0.0
0.0
5.70926e-05
0.000325435
0.001098
0.00279091
0.00590847
0.0110601
0.0190807
0.0312613
0.0496868
0.0775609
0.119374
0.180678
0.267355
0.38422
0.533732
0.714945
0.922965
1.14943
1.38317
1.6116
1.82238
2.00447
2.14958
2.25252
2.31125
2.32707
2.30329
2.24505
2.15825
2.0491
1.92369
1.78759
1.64589
1.50281
1.36185
1.22568
1.09632
0.97522
0.863311
0.761018
0.668359
0.585088
0.510731
0.444703
0.386345
0.0
0.0
0.0
0.0
0.0
9.1409e-05
0.000477676
0.00154476
0.00382421
0.00794885
0.0146905
0.0251146
0.0408752
0.0646435
0.100468
0.153973
0.231975
0.341575
0.488394
0.675021
0.899798
1.1563
1.43379
1.71839
1.99473
2.24786
2.46465
2.63552
2.75432
2.81942
2.8326
2.79824
2.7227
2.61334
2.4777
2.32309
2.15627
1.98327
1.80918
1.63807
1.47313
1.31673
1.17056
1.03568
0.912531
0.801094
0.70103
0.611746
0.532511
0.462511
0.0
0.0
0.0
0.0
1.16135e-05
0.000151947
0.000722284
0.00222677
0.00534664
0.0108839
0.019821
0.0335307
0.0541659
0.0851587
0.13167
0.20075
0.300815
0.440343
0.625805
0.859785
1.13949
1.45637
1.79668
2.14311
2.47682
2.7797
3.03663
3.23603
3.37161
3.4418
3.44919
3.39966
3.30126
3.16293
2.99388
2.80297
2.59824
2.38692
2.17501
1.96734
1.76766
1.57873
1.40249
1.24012
1.09206
0.958263
0.838217
0.731194
0.636279
0.552479
0.0
0.0
0.0
0.0
2.65765e-05
0.000261781
0.0011261
0.00329249
0.00763926
0.015186
0.0271984
0.0454658
0.072817
0.11371
0.174775
0.26486
0.394295
0.573166
0.808781
1.10336
1.45238
1.8444
2.26168
2.68285
3.08465
3.44561
3.74783
3.97821
4.13029
4.2027
4.19966
4.12874
3.99992
3.82441
3.61326
3.37714
3.12576
2.86759
2.60976
2.35792
2.11641
1.88848
1.67633
1.48122
1.30358
1.14325
0.999573
0.871587
0.758169
0.658099
0.0
0.0
0.0
0.0
6.11596e-05
0.000466205
0.0018093
0.00499688
0.0111616
0.0216134
0.0379955
0.0626778
0.0994137
0.154063
0.235158
0.353824
0.522719
0.753645
1.05455
1.42664
1.86306
2.34823
2.85945
3.36994
3.85181
4.27919
4.63131
4.89407
5.0604
5.13051
5.10989
5.00895
4.83988
4.61658
4.35249
4.06029
3.75158
3.43638
3.12296
2.81795
2.5264
2.252
1.99721
1.76337
1.55084
1.35928
1.18781
1.03528
0.90016
0.781081
0.0
0.0
0.0
0.0
0.000141404
0.000856552
0.00299721
0.00778287
0.0166823
0.0313832
0.0540523
0.0878752
0.137885
0.211855
0.320788
0.478622
0.700723
1.00064
1.38642
1.85763
2.40357
3.00325
3.62802
4.24435
4.81839
5.31988
5.72536
6.01943
6.19544
6.2553
6.2073
6.06455
5.8427
5.55835
5.22795
4.8666
4.48792
4.10366
3.72346
3.35499
3.00402
2.67471
2.36975
2.09049
1.83715
1.60917
1.4054
1.22423
1.06399
0.922843
0.0
0.0
0.0
2.43148e-05
0.000327875
0.00161469
0.00509738
0.0124157
0.0254698
0.0464519
0.0782588
0.125247
0.194247
0.29557
0.443426
0.655219
0.949154
1.34031
1.83625
2.43332
3.11558
3.85491
4.6144
5.35323
6.03066
6.61229
7.07138
7.39203
7.56961
7.60778
7.51861
7.31889
7.02829
6.66682
6.25414
5.80813
5.34481
4.87777
4.41811
3.97459
3.55381
3.16035
2.79701
2.46512
2.16459
1.8946
1.65362
1.43968
1.25067
1.08422
0.0
0.0
0.0
8.96965e-05
0.000757499
0.00310425
0.00886128
0.0202115
0.0396039
0.0699255
0.115106
0.181176
0.277503
0.417775
0.62018
0.906154
1.29671
1.808
2.44556
3.20073
4.05005
4.95613
5.87228
6.74881
7.53804
8.20131
8.7095
9.04771
9.21276
9.2132
9.06473
8.78924
8.41032
7.95258
7.4392
6.89105
6.32671
5.76174
5.2089
4.67807
4.17654
3.70923
3.27907
2.88704
2.53291
2.21531
1.93222
1.68123
1.45967
1.26484
0.0
0.0
1.19316e-05
0.000292219
0.0017354
0.00604002
0.0156403
0.0333912
0.0624446
0.106636
0.171441
0.265297
0.400966
0.596535
0.875015
1.26204
1.78125
2.44838
3.26486
4.21464
5.26388
6.36321
7.45528
8.48074
9.38443
10.1244
10.6705
11.0104
11.1439
11.0846
10.8541
10.4799
9.99044
9.41517
8.7808
8.11166
7.429
6.75049
6.09055
5.46009
4.86709
4.3166
3.8114
3.35229
2.9384
2.56799
2.2382
1.94622
1.6888
1.46265
0.0
0.0
8.06638e-05
0.000868054
0.00391389
0.0117838
0.0277928
0.0555873
0.0992214
0.163917
0.257387
0.391488
0.583549
0.856845
1.23991
1.76244
2.44971
3.31447
4.35141
5.53383
6.81415
8.1298
9.41042
10.5873
11.5994
12.4022
12.9675
13.2857
13.3622
13.2165
12.8778
12.3789
11.7551
11.0394
10.263
9.45391
8.63589
7.82895
7.04895
6.30773
5.61368
4.97181
4.38461
3.85234
3.3736
2.94583
2.56574
2.2296
1.93355
1.67374
0.0
1.16073e-05
0.000371634
0.00239198
0.00863221
0.0228025
0.0491968
0.0923711
0.157628
0.252243
0.387206
0.578906
0.850225
1.23069
1.75426
2.4538
3.35384
4.46121
5.75987
7.20859
8.74357
10.2877
11.7576
13.0759
14.1788
15.021
15.5765
15.8422
15.8309
15.5696
15.094
14.4452
13.6621
12.7846
11.8475
10.8819
9.91431
8.96691
8.05681
7.19647
6.39446
5.65549
4.98172
4.37224
3.82539
3.33761
2.90486
2.52266
2.18642
1.89162
