0.0
0.0
0.0
0.0
0.0
0.0
0.0
0.0
0.0
0.0
0.0
0.0
0.0
0.0
0.0
0.0
0.0
0.0
0.0
0.0
0.0
0.0
0.0
0.0
0.0
1.21971e-05
3.97629e-05
0.000108193
0.000253134
0.000521806
0.000966694
0.0016355
0.00255965
0.00374424
0.00516194
0.00675257
0.00842958
0.0100915
0.011636
0.0129733
0.0140363
0.0147851
0.0152073
0.0153147
0.0151371
0.0147164
0.0141001
0.0133369
0.0124726
0.0115482
0.0
0.0
0.0
0.0
0.0
0.0
0.0
0.0
0.0
0.0
0.0
0.0
0.0
0.0
0.0
0.0
0.0
0.0
0.0
0.0
0.0
0.0
0.0
0.0
0.0
1.47209e-05
4.79909e-05
0.000130579
0.000305506
0.000629759
0.00116667
0.00197381
0.00308911
0.00451873
0.00622967
0.00814923
0.0101731
0.0121787
0.0140425
0.0156564
0.0169392
0.0178428
0.0183523
0.0184819
0.0182676
0.0177598
0.0170161
0.016095
0.0150519
0.0139363
0.0
0.0
0.0
0.0
0.0
0.0
0.0
0.0
0.0
0.0
0.0
0.0
0.0
0.0
0.0
0.0
0.0
0.0
0.0
0.0
0.0
0.0
0.0
0.0
0.0
1.77676e-05
5.79217e-05
0.000157597
0.000368714
0.000760051
0.00140804
0.00238214
0.00372815
0.00545349
0.00751827
0.00983485
0.0122773
0.0146976
0.0169469
0.0188945
0.0204426
0.0215331
0.0221479
0.0223042
0.0220455
0.0214326
0.0205351
0.0194234
0.0181646
0.0168183
0.0
0.0
0.0
0.0
0.0
0.0
0.0
0.0
0.0
0.0
0.0
0.0
0.0
0.0
0.0
0.0
0.0
0.0
0.0
0.0
0.0
0.0
0.0
0.0
0.0
2.1445e-05
6.99095e-05
0.000190211
0.000445012
0.000917314
0.00169936
0.00287498
0.00449944
0.00658165
0.00907348
0.0118693
0.0148168
0.0177377
0.0204521
0.0228025
0.0246706
0.0259864
0.0267285
0.0269171
0.0266048
0.0258651
0.0247819
0.0234404
0.0219211
0.0202964
0.0
0.0
0.0
0.0
0.0
0.0
0.0
0.0
0.0
0.0
0.0
0.0
0.0
0.0
0.0
0.0
0.0
0.0
0.0
0.0
0.0
0.0
0.0
0.0
0.0
2.58846e-05
8.43805e-05
0.00022958
0.000537108
0.00110715
0.00205101
0.00346985
0.00543035
0.00794333
0.0109506
0.0143247
0.0178819
0.0214069
0.0246826
0.027519
0.0297734
0.0313613
0.0322567
0.0324841
0.0321071
0.0312143
0.029907
0.028288
0.0264546
0.0244938
0.0
0.0
0.0
0.0
0.0
0.0
0.0
0.0
0.0
0.0
0.0
0.0
0.0
0.0
0.0
0.0
0.0
0.0
0.0
0.0
0.0
0.0
0.0
0.0
0.0
3.12446e-05
0.000101851
0.000277106
0.000648283
0.00133628
0.00247546
0.00418788
0.00655399
0.00958681
0.0132162
0.0172882
0.0215811
0.0258352
0.0297883
0.0332113
0.0359319
0.0378479
0.0389283
0.0392026
0.0387475
0.03767
0.0360922
0.0341382
0.0319256
0.0295592
0.0
0.0
0.0
0.0
0.0
0.0
0.0
0.0
0.0
0.0
0.0
0.0
0.0
0.0
0.0
0.0
0.0
0.0
0.0
0.0
0.0
0.0
0.0
0.0
0.0
3.77163e-05
0.000122943
0.000334484
0.000782503
0.00161291
0.00298782
0.0050546
0.0079104
0.0115707
0.0159509
0.0208653
0.0260462
0.03118
0.0359508
0.0400814
0.0433646
0.0456764
0.0469802
0.047311
0.0467616
0.045461
0.0435567
0.0411986
0.0385281
0.0356723
0.0
0.0
0.0
0.0
0.0
0.0
0.0
0.0
0.0
0.0
0.0
0.0
0.0
0.0
0.0
0.0
0.0
0.0
0.0
0.0
0.0
0.0
0.0
0.0
1.12419e-05
4.55308e-05
0.000148411
0.000403759
0.000944537
0.00194685
0.00360638
0.00610095
0.00954758
0.0139654
0.0192518
0.0251828
0.0314353
0.0376311
0.0433887
0.0483735
0.0523351
0.0551252
0.056698
0.0570968
0.0564335
0.0548636
0.0525653
0.0497191
0.0464963
0.0430497
0.0
0.0
0.0
0.0
0.0
0.0
0.0
0.0
0.0
0.0
0.0
0.0
0.0
0.0
0.0
0.0
0.0
0.0
0.0
0.0
0.0
0.0
0.0
0.0
1.35728e-05
5.49686e-05
0.000179166
0.000487411
0.00114019
0.00235006
0.00435319
0.00736411
0.0115242
0.0168561
0.0232366
0.0303946
0.0379407
0.0454178
0.0523661
0.0583814
0.0631625
0.0665287
0.0684264
0.0689074
0.0681063
0.0662114
0.0634374
0.0600023
0.0561127
0.051953
0.0
0.0
0.0
0.0
0.0
0.0
0.0
0.0
0.0
0.0
0.0
0.0
0.0
0.0
0.0
0.0
0.0
0.0
0.0
0.0
0.0
0.0
0.0
0.0
1.63887e-05
6.63683e-05
0.000216311
0.000588432
0.00137645
0.00283689
0.00525484
0.00888919
0.0139104
0.020346
0.0280469
0.0366859
0.0457932
0.0548168
0.0632021
0.0704614
0.0762306
0.0802929
0.0825821
0.0831616
0.0821944
0.079907
0.0765586
0.0724126
0.0677182
0.0626979
0.0
0.0
0.0
0.0
0.0
0.0
0.0
0.0
0.0
0.0
0.0
0.0
0.0
0.0
0.0
0.0
0.0
0.0
0.0
0.0
0.0
0.0
0.0
0.0
1.9791e-05
8.01402e-05
0.000261176
0.000710446
0.00166178
0.00342485
0.00634362
0.0107306
0.0167916
0.0245594
0.0338541
0.0442811
0.0552727
0.0661629
0.0762817
0.0850427
0.0920039
0.0969062
0.0996672
0.100366
0.0991976
0.0964362
0.0923944
0.0873903
0.0817244
0.0756654
0.0
0.0
0.0
0.0
0.0
0.0
0.0
0.0
0.0
0.0
0.0
0.0
0.0
0.0
0.0
0.0
0.0
0.0
0.0
0.0
0.0
0.0
0.0
0.0
2.39029e-05
9.67818e-05
0.000315386
0.000857844
0.00200644
0.00413493
0.00765858
0.0129544
0.0202707
0.0296471
0.0408658
0.0534508
0.0667165
0.07986
0.0920716
0.102644
0.111044
0.116958
0.12029
0.121131
0.11972
0.116386
0.111506
0.105467
0.0986284
0.0913154
0.0
0.0
0.0
0.0
0.0
0.0
0.0
0.0
0.0
0.0
0.0
0.0
0.0
0.0
0.0
0.0
0.0
0.0
0.0
0.0
0.0
0.0
0.0
0.0
2.8874e-05
0.000116896
0.000380897
0.00103593
0.00242282
0.00499273
0.00924683
0.0156402
0.0244722
0.0357905
0.0493322
0.0645228
0.0805334
0.0963964
0.111134
0.123892
0.134028
0.141164
0.145182
0.146195
0.14449
0.140464
0.134575
0.127283
0.11903
0.110203
0.0
0.0
0.0
0.0
0.0
0.0
0.0
0.0
0.0
0.0
0.0
0.0
0.0
0.0
0.0
0.0
0.0
0.0
0.0
0.0
0.0
0.0
0.0
0.0
3.4886e-05
0.000141216
0.000460091
0.00125119
0.00292595
0.00602915
0.0111656
0.0188845
0.0295469
0.0432101
0.0595571
0.0778921
0.0972173
0.116362
0.134148
0.149544
0.161774
0.170383
0.17523
0.176449
0.174388
0.169527
0.162415
0.153614
0.143652
0.132999
0.0
0.0
0.0
0.0
0.0
0.0
0.0
0.0
0.0
0.0
0.0
0.0
0.0
0.0
0.0
0.0
0.0
0.0
0.0
0.0
0.0
0.0
0.0
0.0
4.21602e-05
0.000170632
0.000555846
0.00151143
0.00353417
0.0072817
0.0134841
0.0228043
0.0356776
0.0521728
0.0719062
0.0940388
0.117365
0.140472
0.161937
0.180514
0.195273
0.205656
0.211502
0.212969
0.210477
0.204606
0.196021
0.185397
0.17337
0.160511
0.0
0.0
0.0
0.0
0.0
0.0
0.0
0.0
0.0
0.0
0.0
0.0
0.0
0.0
0.0
0.0
0.0
0.0
0.0
0.0
0.0
0.0
0.0
0.0
5.09659e-05
0.000206228
0.00067169
0.00182615
0.00426952
0.0087959
0.0162865
0.0275412
0.0430855
0.0630014
0.0868244
0.113542
0.141698
0.169587
0.195493
0.217911
0.235717
0.248246
0.255291
0.257056
0.254042
0.246951
0.236584
0.223757
0.20924
0.193717
0.0
0.0
0.0
0.0
0.0
0.0
0.0
0.0
0.0
0.0
0.0
0.0
0.0
0.0
0.0
0.0
0.0
0.0
0.0
0.0
0.0
0.0
0.0
1.17313e-05
6.16325e-05
0.00024933
0.000811901
0.00220695
0.00515909
0.010627
0.0196748
0.0332674
0.0520387
0.0760866
0.104851
0.137105
0.171093
0.204756
0.236019
0.263072
0.284555
0.299666
0.308161
0.310281
0.306633
0.298066
0.285547
0.270059
0.252533
0.233796
0.0
0.0
0.0
0.0
0.0
0.0
0.0
0.0
0.0
0.0
0.0
0.0
0.0
0.0
0.0
0.0
0.0
0.0
0.0
0.0
0.0
0.0
0.0
1.41976e-05
7.45634e-05
0.000301551
0.000981708
0.00266797
0.00623564
0.0128425
0.0237731
0.0401922
0.0628634
0.0919044
0.126636
0.165578
0.206608
0.24724
0.284973
0.317617
0.343536
0.361759
0.371999
0.374542
0.370126
0.359774
0.344653
0.325952
0.304792
0.282171
0.0
0.0
0.0
0.0
0.0
0.0
0.0
0.0
0.0
0.0
0.0
0.0
0.0
0.0
0.0
0.0
0.0
0.0
0.0
0.0
0.0
0.0
0.0
1.71927e-05
9.02543e-05
0.000364876
0.00118751
0.00322643
0.0075392
0.0155243
0.0287324
0.0485692
0.0759561
0.111031
0.152974
0.199996
0.249529
0.298575
0.344112
0.383504
0.414774
0.436751
0.449086
0.452134
0.446786
0.434274
0.41601
0.393422
0.367871
0.340563
0.0
0.0
0.0
0.0
0.0
0.0
0.0
0.0
0.0
0.0
0.0
0.0
0.0
0.0
0.0
0.0
0.0
0.0
0.0
0.0
0.0
0.0
0.0
2.08343e-05
0.000109315
0.000441742
0.00143716
0.00390345
0.00911874
0.0187724
0.0347373
0.0587087
0.091798
0.134169
0.184826
0.241609
0.301414
0.36062
0.415582
0.463113
0.500831
0.527332
0.542192
0.545841
0.539355
0.524226
0.502156
0.474876
0.444023
0.411048
0.0
0.0
0.0
0.0
0.0
0.0
0.0
0.0
0.0
0.0
0.0
0.0
0.0
0.0
0.0
0.0
0.0
0.0
0.0
0.0
0.0
0.0
0.0
2.5269e-05
0.000132499
0.000535153
0.00174027
0.004725
0.0110344
0.0227097
0.0420123
0.070989
0.110978
0.162172
0.223367
0.291944
0.36416
0.435637
0.501971
0.559322
0.604818
0.636764
0.654658
0.659019
0.651145
0.632846
0.606174
0.573217
0.535954
0.496135
0.0
0.0
0.0
0.0
0.0
0.0
0.0
0.0
0.0
0.0
0.0
0.0
0.0
0.0
0.0
0.0
0.0
0.0
0.0
0.0
0.0
0.0
0.0
3.06795e-05
0.000160747
0.000648834
0.00210883
0.00572306
0.0133599
0.0274863
0.0508339
0.0858725
0.134213
0.196084
0.270021
0.352859
0.440069
0.526359
0.606427
0.675623
0.730492
0.769002
0.790535
0.795732
0.786168
0.764023
0.731777
0.691962
0.646946
0.598857
0.0
0.0
0.0
0.0
0.0
0.0
0.0
0.0
0.0
0.0
0.0
0.0
0.0
0.0
0.0
0.0
0.0
0.0
0.0
0.0
0.0
0.0
0.0
3.72947e-05
0.00019523
0.000787419
0.00255758
0.00693719
0.0161864
0.0332879
0.0615412
0.103927
0.162384
0.23718
0.326534
0.426615
0.531945
0.63614
0.732778
0.81627
0.882435
0.928836
0.954734
0.960911
0.949281
0.92247
0.883476
0.83535
0.780965
0.722878
0.0
0.0
0.0
0.0
0.0
0.0
0.0
0.0
0.0
0.0
0.0
0.0
0.0
0.0
0.0
0.0
0.0
0.0
0.0
0.0
0.0
0.0
0.0
4.54045e-05
0.00023742
0.000956689
0.00310503
0.00841644
0.0196268
0.0403431
0.0745519
0.12585
0.196571
0.287023
0.395043
0.515985
0.643226
0.769039
0.885689
0.986418
1.0662
1.12209
1.15322
1.16054
1.14637
1.11388
1.06671
1.00852
0.942797
0.872624
0.0
0.0
0.0
0.0
0.0
0.0
0.0
0.0
0.0
0.0
0.0
0.0
0.0
0.0
0.0
0.0
0.0
0.0
0.0
0.0
0.0
0.0
0.0
5.53789e-05
0.000289186
0.00116399
0.00377425
0.0102221
0.0238214
0.048936
0.0903834
0.152505
0.238104
0.347538
0.478165
0.624356
0.778098
0.93004
1.07085
1.19236
1.28854
1.35583
1.39322
1.40187
1.38456
1.34517
1.28806
1.2177
1.13825
1.05345
0.0
0.0
0.0
0.0
0.0
0.0
0.0
0.0
0.0
0.0
0.0
0.0
0.0
0.0
0.0
0.0
0.0
0.0
0.0
0.0
0.0
0.0
0.0
6.76927e-05
0.000352912
0.00141858
0.00459453
0.0124318
0.0289465
0.0594212
0.10968
0.18496
0.28863
0.421094
0.57913
0.755901
0.941692
1.12522
1.29519
1.44178
1.55769
1.63868
1.68354
1.69368
1.67251
1.6247
1.55553
1.4704
1.37433
1.27184
0.0
0.0
0.0
0.0
0.0
0.0
0.0
0.0
0.0
0.0
0.0
0.0
0.0
0.0
0.0
0.0
0.0
0.0
0.0
0.0
0.0
0.0
1.1665e-05
8.2965e-05
0.000431691
0.00173236
0.00560314
0.0151432
0.0352241
0.0722441
0.133248
0.224551
0.350202
0.510642
0.701932
0.915764
1.14036
1.36207
1.56726
1.74408
1.88373
1.98115
2.03489
2.04672
2.02075
1.96266
1.87882
1.77576
1.65955
1.53562
0.0
0.0
0.0
0.0
0.0
0.0
0.0
0.0
0.0
0.0
0.0
0.0
0.0
0.0
0.0
0.0
0.0
0.0
0.0
0.0
0.0
0.0
1.43831e-05
0.00010201
0.000529514
0.00212075
0.00684795
0.018481
0.0429356
0.0879687
0.1621
0.272949
0.425373
0.61984
0.851521
1.11031
1.38191
1.64981
1.89752
2.11076
2.27897
2.39606
2.46035
2.47402
2.44208
2.37139
2.2697
2.14485
2.0042
1.85431
0.0
0.0
0.0
0.0
0.0
0.0
0.0
0.0
0.0
0.0
0.0
0.0
0.0
0.0
0.0
0.0
0.0
0.0
0.0
0.0
0.0
0.0
1.7815e-05
0.000125914
0.000651689
0.00260382
0.00839078
0.0226062
0.052442
0.10731
0.19752
0.332266
0.517355
0.753272
1.03408
1.34743
1.67601
1.99979
2.29887
2.55599
2.75851
2.89911
2.97588
2.9915
2.95206
2.86592
2.74242
2.59106
2.42077
2.23939
0.0
0.0
0.0
0.0
0.0
0.0
0.0
0.0
0.0
0.0
0.0
0.0
0.0
0.0
0.0
0.0
0.0
0.0
0.0
0.0
0.0
0.0
2.2185e-05
0.00015614
0.000805291
0.00320821
0.0103132
0.0277278
0.0642095
0.131186
0.241145
0.405172
0.630203
0.916709
1.25732
1.63702
2.0347
2.42612
2.78721
3.09721
3.3409
3.50957
3.60103
3.61857
3.5697
3.46453
3.31439
3.13076
2.92439
2.7048
0.0
0.0
0.0
0.0
0.0
0.0
0.0
0.0
0.0
0.0
0.0
0.0
0.0
0.0
0.0
0.0
0.0
0.0
0.0
0.0
0.0
0.0
2.78066e-05
0.000194707
0.000999938
0.00396958
0.0127229
0.0341208
0.0788452
0.16079
0.295087
0.4951
0.769103
1.11745
1.53105
1.99148
2.47306
2.94639
3.38239
3.75605
4.04907
4.25113
4.35976
4.37907
4.31823
4.18953
4.00673
3.78373
3.53345
3.26743
0.0
0.0
0.0
0.0
0.0
0.0
0.0
0.0
0.0
0.0
0.0
0.0
0.0
0.0
0.0
0.0
0.0
0.0
0.0
0.0
0.0
0.0
3.51261e-05
0.000244425
0.00124882
0.00493648
0.0157652
0.0421515
0.0971498
0.197679
0.362086
0.606467
0.940664
1.36484
1.86765
2.42645
3.01002
3.5826
4.10905
4.55926
4.91133
5.153
5.28153
5.30213
5.226
5.06814
4.84523
4.57404
4.27025
3.94776
0.0
0.0
0.0
0.0
0.0
0.0
0.0
0.0
0.0
0.0
0.0
0.0
0.0
0.0
0.0
0.0
0.0
0.0
0.0
0.0
0.0
0.0
4.47915e-05
0.000309317
0.00157044
0.00617555
0.0196369
0.0523115
0.120192
0.24391
0.44572
0.74503
1.15346
1.67083
2.2829
2.96186
3.66948
4.36238
4.99805
5.54024
5.96282
6.25129
6.40266
6.42355
6.32781
6.13361
5.86125
5.53103
5.16191
4.77062
0.0
0.0
0.0
0.0
0.0
0.0
0.0
0.0
0.0
0.0
0.0
0.0
0.0
0.0
0.0
0.0
0.0
0.0
0.0
0.0
0.0
0.0
5.77614e-05
0.000395183
0.00199109
0.00778045
0.0246106
0.0652711
0.149406
0.302224
0.550754
0.918338
1.41868
2.05093
2.79718
3.62306
4.48181
5.32066
6.08814
6.74075
7.24727
7.59073
7.768
7.78748
7.66627
7.42657
7.09309
6.69037
6.24133
5.76612
0.0
0.0
0.0
0.0
0.0
0.0
0.0
0.0
0.0
0.0
0.0
0.0
0.0
0.0
0.0
0.0
0.0
0.0
0.0
0.0
0.0
0.0
7.54974e-05
0.000510681
0.00254912
0.00988485
0.0310678
0.0819592
0.186764
0.376343
0.683547
1.13642
1.75101
2.52541
3.43687
4.44281
5.48586
6.50176
7.42831
8.21316
8.8193
9.22692
9.4329
9.44816
9.29369
8.99679
8.58745
8.09543
7.54841
6.97067
0.0
0.0
0.0
0.0
0.0
0.0
0.0
0.0
0.0
0.0
0.0
0.0
0.0
0.0
0.0
0.0
0.0
0.0
0.0
0.0
0.0
1.0461e-05
0.000100288
0.000668991
0.00330157
0.0126837
0.039559
0.103692
0.235012
0.47139
0.852775
1.41284
2.17013
3.12109
4.23663
5.46373
6.7318
7.96253
9.08081
10.0238
10.7475
11.2293
11.4663
11.4727
11.2745
10.9053
10.4014
9.79904
9.13168
8.42848
0.0
0.0
0.0
0.0
0.0
0.0
0.0
0.0
0.0
0.0
0.0
0.0
0.0
0.0
0.0
0.0
0.0
0.0
0.0
0.0
0.0
1.44732e-05
0.000135861
0.000890954
0.0043365
0.0164722
0.050898
0.132383
0.298092
0.594613
1.07056
1.76622
2.70283
3.87409
5.24259
6.74195
8.28519
9.77665
11.1255
12.2568
13.1186
13.685
13.9542
13.9444
13.6883
13.2269
12.6048
11.8657
11.05
10.193
0.0
0.0
0.0
0.0
0.0
0.0
0.0
0.0
0.0
0.0
0.0
0.0
0.0
0.0
0.0
0.0
0.0
0.0
0.0
0.0
0.0
2.06105e-05
0.000188543
0.001211
0.00579556
0.0217134
0.0663371
0.170921
0.38184
0.756565
1.35427
2.22297
3.3864
4.83413
6.5174
8.35288
10.2329
12.0407
13.6666
15.021
16.0435
16.7047
17.0046
16.9674
16.6339
16.0545
15.2836
14.3744
13.3756
12.3295
0.0
0.0
0.0
0.0
0.0
0.0
0.0
0.0
0.0
0.0
0.0
0.0
0.0
0.0
0.0
0.0
0.0
0.0
0.0
0.0
0.0
3.04081e-05
0.000269646
0.00168862
0.00791719
0.0291675
0.0878833
0.223838
0.495232
0.973176
1.72965
2.82148
4.27437
6.07126
8.14829
10.3998
12.6924
14.8836
16.8408
18.4582
19.6651
20.4298
20.7554
20.6733
20.2353
19.5035
18.5444
17.4225
16.1965
14.9173
0.0
0.0
0.0
0.0
0.0
0.0
0.0
0.0
0.0
0.0
0.0
0.0
0.0
0.0
0.0
0.0
0.0
0.0
0.0
0.0
0.0
4.6829e-05
0.000399885
0.0024288
0.0111067
0.0400874
0.118756
0.29823
0.652003
1.26832
2.23456
3.61722
5.44267
7.68351
10.2549
13.0229
15.8214
18.476
20.8277
22.7516
24.1669
25.0398
25.3788
25.2258
24.6456
23.7157
22.517
21.1282
19.6196
18.0523
0.0
0.0
0.0
0.0
0.0
0.0
0.0
0.0
0.0
0.0
0.0
0.0
0.0
0.0
0.0
0.0
0.0
0.0
0.0
0.0
0.0
7.5611e-05
0.000617274
0.00361426
0.0160401
0.0564883
0.163968
0.404837
0.872486
1.67661
2.92287
4.68786
6.99584
9.80358
12.9978
16.4068
19.8238
23.0363
25.854
28.1305
29.7753
30.7544
31.0845
30.8216
30.0479
28.8592
27.355
25.6299
23.769
21.8453
0.0
0.0
0.0
0.0
0.0
0.0
0.0
0.0
0.0
0.0
0.0
0.0
0.0
0.0
0.0
0.0
0.0
0.0
0.0
0.0
1.12632e-05
0.000128314
0.000993255
0.00556939
0.0238607
0.0816328
0.231358
0.559949
1.18669
2.24794
3.87065
6.14087
9.07615
12.609
16.587
20.7901
24.9603
28.8389
32.2004
34.8753
36.764
37.836
38.12
37.6913
36.6542
35.1276
33.2328
31.0844
28.7848
26.4206
0.0
0.0
0.0
0.0
0.0
0.0
0.0
0.0
0.0
0.0
0.0
0.0
0.0
0.0
0.0
0.0
0.0
0.0
0.0
0.0
2.18112e-05
0.00023025
0.00167513
0.00893012
0.0367101
0.121399
0.334533
0.790916
1.64347
3.06132
5.19507
8.13766
11.8919
16.354
21.318
26.5005
31.5812
36.2469
40.2322
43.3445
45.4785
46.611
46.7901
46.1154
44.7198
42.751
40.3568
37.6757
34.8298
31.9218
0.0
0.0
0.0
0.0
0.0
0.0
0.0
0.0
0.0
0.0
0.0
0.0
0.0
0.0
0.0
0.0
0.0
0.0
0.0
0.0
4.54911e-05
0.000440136
0.00298121
0.0149879
0.0587157
0.18661
0.4976
1.14457
2.32388
4.24393
7.07967
10.9243
15.7529
21.4071
27.608
33.9922
40.1624
45.7435
50.4272
54.0004
56.3567
57.4883
57.4703
56.4354
54.5528
52.0049
48.9718
45.6196
42.0936
38.5146
0.0
0.0
0.0
0.0
0.0
0.0
0.0
0.0
0.0
0.0
0.0
0.0
0.0
0.0
0.0
0.0
0.0
0.0
0.0
0.0
0.000102364
0.000897566
0.00560537
0.026358
0.0977188
0.296748
0.761882
1.69779
3.35591
5.98969
9.79501
14.8526
21.0884
28.2654
36.0062
43.8463
51.2985
57.9186
63.3559
67.383
69.9005
70.9272
70.5757
69.0234
66.483
63.1796
59.3318
55.1377
50.7687
46.366
0.0
0.0
0.0
0.0
0.0
0.0
0.0
0.0
0.0
0.0
0.0
0.0
0.0
0.0
0.0
0.0
0.0
0.0
0.0
2.12411e-05
0.000245838
0.00193643
0.011066
0.0483433
0.168622
0.486728
1.19781
2.57581
4.93946
8.58951
13.732
20.4124
28.4766
37.5748
47.2018
56.7703
65.6904
73.4472
79.6532
84.0754
86.6379
87.3985
86.5219
84.241
80.823
76.5446
71.6676
66.4264
61.0218
55.6175
0.0
0.0
0.0
0.0
0.0
0.0
0.0
0.0
0.0
0.0
0.0
0.0
0.0
0.0
0.0
0.0
0.0
0.0
0.0
6.23027e-05
0.000627654
0.00440525
0.0228691
0.0922392
0.301007
0.821838
1.93017
3.98969
7.39656
12.4925
19.4706
28.3028
38.7118
50.1922
62.0785
73.6416
84.1815
93.1169
100.036
104.72
107.133
107.391
105.727
102.443
97.8732
92.35
86.1874
79.6589
72.9972
66.3872
0.0
0.0
0.0
0.0
0.0
0.0
0.0
0.0
0.0
0.0
0.0
0.0
0.0
0.0
0.0
0.0
0.0
0.0
1.48595e-05
0.000193653
0.00168484
0.0104665
0.0490732
0.181778
0.552377
1.42046
3.17132
6.27837
11.2165
18.3459
27.8028
39.4315
52.7738
67.124
81.6256
95.3929
107.622
117.681
125.155
129.864
131.836
131.269
128.479
123.855
117.803
110.725
102.985
94.9013
86.7382
78.7037
0.0
0.0
0.0
0.0
0.0
0.0
0.0
0.0
0.0
0.0
0.0
0.0
0.0
0.0
0.0
0.0
0.0
0.0
5.78034e-05
0.000627584
0.00468962
0.0256593
0.108191
0.366605
1.03357
2.49447
5.2766
9.97424
17.1222
27.0504
39.7708
54.9255
71.813
89.4829
106.869
122.932
136.783
147.768
155.503
159.877
161.009
159.204
154.88
148.518
140.613
131.635
122.005
112.085
102.169
92.4875
0.0
0.0
0.0
0.0
0.0
0.0
0.0
0.0
0.0
0.0
0.0
0.0
0.0
0.0
0.0
0.0
0.0
1.69722e-05
0.000230802
0.00208023
0.0133082
0.0639504
0.241801
0.747486
1.94979
4.40449
8.80382
15.8502
26.085
39.7266
56.5692
75.9707
96.9286
118.222
138.579
156.831
172.042
183.575
191.12
194.671
194.47
190.941
184.624
176.104
165.962
154.742
142.918
130.896
118.995
107.465
