0.0
0.0
0.0
0.0
0.0
0.0
0.0
0.0
0.0
0.0
0.0
0.0
0.0
0.0
0.0
0.0
0.0
0.0
0.0
0.0
0.0
0.0
0.0
0.0
0.0
0.0
0.0
0.0
0.0
0.0
0.0
0.0
0.0
0.0
2.49727e-05
9.69902e-05
0.000305314
0.000806834
0.00184211
0.00372002
0.00677263
0.0112889
0.017442
0.0252295
0.0344387
0.0446557
0.0553082
0.065746
0.0753299
0.0835139
0.0
0.0
0.0
0.0
0.0
0.0
0.0
0.0
0.0
0.0
0.0
0.0
0.0
0.0
0.0
0.0
0.0
0.0
0.0
0.0
0.0
0.0
0.0
0.0
0.0
0.0
0.0
0.0
0.0
0.0
0.0
0.0
0.0
0.0
3.01405e-05
0.00011706
0.000368484
0.000973767
0.0022232
0.00448954
0.00818578
0.0136241
0.02105
0.030448
0.0415623
0.053892
0.066748
0.0793437
0.0909099
0.100786
0.0
0.0
0.0
0.0
0.0
0.0
0.0
0.0
0.0
0.0
0.0
0.0
0.0
0.0
0.0
0.0
0.0
0.0
0.0
0.0
0.0
0.0
0.0
0.0
0.0
0.0
0.0
0.0
0.0
0.0
0.0
0.0
0.0
0.0
3.6378e-05
0.000141287
0.000444744
0.00117525
0.0026832
0.00541851
0.00988044
0.0164424
0.0254045
0.0367465
0.0501592
0.0650394
0.0805536
0.0957548
0.109713
0.121631
0.0
0.0
0.0
0.0
0.0
0.0
0.0
0.0
0.0
0.0
0.0
0.0
0.0
0.0
0.0
0.0
0.0
0.0
0.0
0.0
0.0
0.0
0.0
0.0
0.0
0.0
0.0
0.0
0.0
0.0
0.0
0.0
0.0
0.0
4.39086e-05
0.000170531
0.000536772
0.00141846
0.00323843
0.00653958
0.0119259
0.0198442
0.0306602
0.0443483
0.060535
0.0784927
0.0972162
0.115562
0.132406
0.146788
0.0
0.0
0.0
0.0
0.0
0.0
0.0
0.0
0.0
0.0
0.0
0.0
0.0
0.0
0.0
0.0
0.0
0.0
0.0
0.0
0.0
0.0
0.0
0.0
0.0
0.0
0.0
0.0
0.0
0.0
0.0
0.0
0.0
1.05969e-05
5.30004e-05
0.000205831
0.000647894
0.00171204
0.00390862
0.00786444
0.0143946
0.02395
0.0370035
0.0535232
0.0730587
0.0947305
0.117326
0.139465
0.159793
0.17715
0.0
0.0
0.0
0.0
0.0
0.0
0.0
0.0
0.0
0.0
0.0
0.0
0.0
0.0
0.0
0.0
0.0
0.0
0.0
0.0
0.0
0.0
0.0
0.0
0.0
0.0
0.0
0.0
0.0
0.0
0.0
0.0
0.0
1.2792e-05
6.39763e-05
0.000248448
0.000782028
0.00206644
0.00471766
0.00948762
0.0173735
0.0289063
0.0446602
0.0645979
0.0881741
0.114329
0.141598
0.168315
0.192847
0.213793
0.0
0.0
0.0
0.0
0.0
0.0
0.0
0.0
0.0
0.0
0.0
0.0
0.0
0.0
0.0
0.0
0.0
0.0
0.0
0.0
0.0
0.0
0.0
0.0
0.0
0.0
0.0
0.0
0.0
0.0
0.0
0.0
0.0
1.54427e-05
7.72306e-05
0.000299909
0.000943969
0.00249429
0.00569433
0.0114451
0.0209596
0.0348887
0.0539025
0.0779651
0.106419
0.137984
0.170893
0.203138
0.232741
0.258019
0.0
0.0
0.0
0.0
0.0
0.0
0.0
0.0
0.0
0.0
0.0
0.0
0.0
0.0
0.0
0.0
0.0
0.0
0.0
0.0
0.0
0.0
0.0
0.0
0.0
0.0
0.0
0.0
0.0
0.0
0.0
0.0
0.0
1.8644e-05
9.32364e-05
0.000362048
0.0011395
0.0030109
0.00687347
0.013816
0.025282
0.0421105
0.0650589
0.0941008
0.128441
0.166536
0.206253
0.245165
0.280891
0.311395
0.0
0.0
0.0
0.0
0.0
0.0
0.0
0.0
0.0
0.0
0.0
0.0
0.0
0.0
0.0
0.0
0.0
0.0
0.0
0.0
0.0
0.0
0.0
0.0
0.0
0.0
0.0
0.0
0.0
0.0
0.0
0.0
0.0
2.2511e-05
0.000112567
0.000437094
0.00137562
0.00363464
0.00829717
0.0166885
0.0305141
0.0508292
0.0785273
0.113577
0.155025
0.201002
0.248934
0.295896
0.339011
0.375821
0.0
0.0
0.0
0.0
0.0
0.0
0.0
0.0
0.0
0.0
0.0
0.0
0.0
0.0
0.0
0.0
0.0
0.0
0.0
0.0
0.0
0.0
0.0
0.0
0.0
0.0
0.0
0.0
0.0
0.0
0.0
0.0
0.0
2.71825e-05
0.000135919
0.000527727
0.00166081
0.00438797
0.0100164
0.0202242
0.0368315
0.0613551
0.0947873
0.137091
0.187117
0.242605
0.300455
0.357128
0.40916
0.45358
0.0
0.0
0.0
0.0
0.0
0.0
0.0
0.0
0.0
0.0
0.0
0.0
0.0
0.0
0.0
0.0
0.0
0.0
0.0
0.0
0.0
0.0
0.0
0.0
0.0
0.0
0.0
0.0
0.0
0.0
0.0
0.0
0.0
3.28289e-05
0.000164133
0.000637239
0.00200528
0.00529778
0.0120927
0.0244151
0.0444422
0.0740652
0.114419
0.166211
0.225859
0.29283
0.362647
0.431048
0.493838
0.547443
0.0
0.0
0.0
0.0
0.0
0.0
0.0
0.0
0.0
0.0
0.0
0.0
0.0
0.0
0.0
0.0
0.0
0.0
0.0
0.0
0.0
0.0
0.0
0.0
0.0
0.0
0.0
0.0
0.0
0.0
0.0
0.0
0.0
3.96536e-05
0.000198231
0.000768679
0.00242683
0.00639682
0.0146005
0.0294771
0.0536539
0.0894132
0.138124
0.200144
0.272636
0.353469
0.437729
0.52028
0.596059
0.660746
0.0
0.0
0.0
0.0
0.0
0.0
0.0
0.0
0.0
0.0
0.0
0.0
0.0
0.0
0.0
0.0
0.0
0.0
0.0
0.0
0.0
0.0
0.0
0.0
0.0
0.0
0.0
0.0
0.0
0.0
0.0
0.0
0.0
4.79052e-05
0.000239452
0.000930707
0.00292794
0.0077248
0.0176302
0.0355915
0.0647805
0.107951
0.166752
0.241155
0.329114
0.426683
0.528383
0.628011
0.719456
0.797523
0.0
0.0
0.0
0.0
0.0
0.0
0.0
0.0
0.0
0.0
0.0
0.0
0.0
0.0
0.0
0.0
0.0
0.0
0.0
0.0
0.0
0.0
0.0
0.0
0.0
0.0
0.0
0.0
0.0
0.0
0.0
0.0
0.0
5.78885e-05
0.000289303
0.00112471
0.00354008
0.00932977
0.0212914
0.0428522
0.0782225
0.130342
0.201331
0.291816
0.397329
0.515088
0.637843
0.758079
0.868443
0.962643
0.0
0.0
0.0
0.0
0.0
0.0
0.0
0.0
0.0
0.0
0.0
0.0
0.0
0.0
0.0
0.0
0.0
0.0
0.0
0.0
0.0
0.0
0.0
0.0
0.0
0.0
0.0
0.0
0.0
0.0
0.0
0.0
1.03329e-05
6.99698e-05
0.000349612
0.00135665
0.00427246
0.0112699
0.0257166
0.051778
0.0944626
0.157394
0.243101
0.35244
0.479711
0.621865
0.770025
0.915144
1.04833
1.162
0.0
0.0
0.0
0.0
0.0
0.0
0.0
0.0
0.0
0.0
0.0
0.0
0.0
0.0
0.0
0.0
0.0
0.0
0.0
0.0
0.0
0.0
0.0
0.0
0.0
0.0
0.0
0.0
0.0
0.0
0.0
0.0
1.2497e-05
8.46005e-05
0.000422617
0.00163959
0.00517316
0.013616
0.031067
0.0628321
0.114185
0.190763
0.293573
0.424482
0.579234
0.750828
0.929669
1.10482
1.26555
1.40273
0.0
0.0
0.0
0.0
0.0
0.0
0.0
0.0
0.0
0.0
0.0
0.0
0.0
0.0
0.0
0.0
0.0
0.0
0.0
0.0
0.0
0.0
0.0
0.0
0.0
0.0
0.0
0.0
0.0
0.0
0.0
0.0
1.51209e-05
0.000102332
0.000511044
0.00198223
0.00624916
0.0164554
0.0375386
0.0757515
0.137825
0.230373
0.354573
0.512644
0.699474
0.906633
1.1225
1.3339
1.5279
1.69341
0.0
0.0
0.0
0.0
0.0
0.0
0.0
0.0
0.0
0.0
0.0
0.0
0.0
0.0
0.0
0.0
0.0
0.0
0.0
0.0
0.0
0.0
0.0
0.0
0.0
0.0
0.0
0.0
0.0
0.0
0.0
0.0
1.8306e-05
0.000123836
0.000618233
0.00239727
0.00758353
0.019892
0.0453704
0.0915413
0.165931
0.27739
0.42832
0.619206
0.844793
1.0949
1.35548
1.60218
1.84477
2.04449
0.0
0.0
0.0
0.0
0.0
0.0
0.0
0.0
0.0
0.0
0.0
0.0
0.0
0.0
0.0
0.0
0.0
0.0
0.0
0.0
0.0
0.0
0.0
0.0
0.0
0.0
0.0
0.0
0.0
0.0
0.0
0.0
2.21765e-05
0.000149949
0.000748275
0.00290054
0.00918499
0.0240548
0.0548532
0.110039
0.201381
0.335198
0.519004
0.748057
1.02048
1.32246
1.63706
1.94505
2.2276
2.46859
0.0
0.0
0.0
0.0
0.0
0.0
0.0
0.0
0.0
0.0
0.0
0.0
0.0
0.0
0.0
0.0
0.0
0.0
0.0
0.0
0.0
0.0
0.0
0.0
0.0
0.0
0.0
0.0
0.0
0.0
0.0
0.0
2.68871e-05
0.000181693
0.000906224
0.00351124
0.011031
0.0291009
0.0663421
0.133173
0.243524
0.403343
0.625428
0.903922
1.23294
1.59759
1.97742
2.34921
2.65215
2.98097
0.0
0.0
0.0
0.0
0.0
0.0
0.0
0.0
0.0
0.0
0.0
0.0
0.0
0.0
0.0
0.0
0.0
0.0
0.0
0.0
0.0
0.0
0.0
0.0
0.0
0.0
0.0
0.0
0.0
0.0
0.0
0.0
3.26287e-05
0.000220338
0.00109831
0.00425349
0.0133571
0.0352236
0.0802756
0.161854
0.29442
0.488936
0.756077
1.09255
1.48999
1.93039
2.38899
2.83798
3.24934
3.60049
0.0
0.0
0.0
0.0
0.0
0.0
0.0
0.0
0.0
0.0
0.0
0.0
0.0
0.0
0.0
0.0
0.0
0.0
0.0
0.0
0.0
0.0
0.0
0.0
0.0
0.0
0.0
0.0
0.0
0.0
0.0
0.0
3.96425e-05
0.000267479
0.00133231
0.0051565
0.0161843
0.0426603
0.0971874
0.195888
0.357133
0.592577
0.914338
1.32276
1.80115
2.33958
2.8869
3.42874
3.92541
4.31329
0.0
0.0
0.0
0.0
0.0
0.0
0.0
0.0
0.0
0.0
0.0
0.0
0.0
0.0
0.0
0.0
0.0
0.0
0.0
0.0
0.0
0.0
0.0
0.0
0.0
0.0
0.0
0.0
0.0
0.0
0.0
0.0
4.82318e-05
0.000325102
0.00161787
0.00625707
0.0196621
0.0517053
0.11774
0.235545
0.432378
0.714556
1.10946
1.60619
2.17802
2.82066
3.48953
4.11851
4.74308
5.21138
0.0
0.0
0.0
0.0
0.0
0.0
0.0
0.0
0.0
0.0
0.0
0.0
0.0
0.0
0.0
0.0
0.0
0.0
0.0
0.0
0.0
0.0
0.0
0.0
0.0
0.0
0.0
0.0
0.0
0.0
0.0
0.0
5.87809e-05
0.000395711
0.00196715
0.00760009
0.023824
0.0627243
0.142752
0.288946
0.523759
0.868362
1.34857
1.93343
2.63486
3.41138
4.21933
5.00917
5.73275
6.29798
0.0
0.0
0.0
0.0
0.0
0.0
0.0
0.0
0.0
0.0
0.0
0.0
0.0
0.0
0.0
0.0
0.0
0.0
0.0
0.0
0.0
0.0
0.0
0.0
0.0
0.0
0.0
0.0
0.0
0.0
0.0
0.0
7.17842e-05
0.000482508
0.00239554
0.00922163
0.0289545
0.0761733
0.173241
0.348666
0.633726
1.05216
1.63291
2.34089
3.18907
4.12765
5.10376
6.05752
6.93086
7.61307
0.0
0.0
0.0
0.0
0.0
0.0
0.0
0.0
0.0
0.0
0.0
0.0
0.0
0.0
0.0
0.0
0.0
0.0
0.0
0.0
0.0
0.0
0.0
0.0
0.0
0.0
0.0
0.0
0.0
0.0
0.0
0.0
8.78789e-05
0.000589622
0.00292272
0.0112621
0.0352405
0.0926231
0.210483
0.423323
0.768894
1.27597
1.96582
2.83612
3.86217
4.99698
6.17646
7.3285
8.27833
9.20569
0.0
0.0
0.0
0.0
0.0
0.0
0.0
0.0
0.0
0.0
0.0
0.0
0.0
0.0
0.0
0.0
0.0
0.0
0.0
0.0
0.0
0.0
0.0
0.0
0.0
0.0
0.0
0.0
0.0
0.0
0.0
1.1219e-05
0.000107905
0.000722373
0.00357391
0.0137546
0.0431512
0.112803
0.256086
0.51454
0.933934
1.54892
2.38595
3.43889
4.68068
6.05324
7.47899
8.87052
10.1428
11.1248
0.0
0.0
0.0
0.0
0.0
0.0
0.0
0.0
0.0
0.0
0.0
0.0
0.0
0.0
0.0
0.0
0.0
0.0
0.0
0.0
0.0
0.0
0.0
0.0
0.0
0.0
0.0
0.0
0.0
0.0
0.0
1.38688e-05
0.000132981
0.000887783
0.00438215
0.016833
0.0524981
0.137634
0.312091
0.626504
1.13607
1.87981
2.89661
4.1723
5.67766
7.33846
9.06228
10.7435
12.2792
13.4672
0.0
0.0
0.0
0.0
0.0
0.0
0.0
0.0
0.0
0.0
0.0
0.0
0.0
0.0
0.0
0.0
0.0
0.0
0.0
0.0
0.0
0.0
0.0
0.0
0.0
0.0
0.0
0.0
0.0
0.0
0.0
1.72321e-05
0.000164603
0.00109521
0.00539082
0.0206594
0.0643055
0.168605
0.3811
0.764077
1.38231
2.29121
3.52231
5.07165
6.89398
8.9047
10.9898
13.0213
14.8748
16.2995
0.0
0.0
0.0
0.0
0.0
0.0
0.0
0.0
0.0
0.0
0.0
0.0
0.0
0.0
0.0
0.0
0.0
0.0
0.0
0.0
0.0
0.0
0.0
0.0
0.0
0.0
0.0
0.0
0.0
0.0
0.0
2.15402e-05
0.000204821
0.00135718
0.00665754
0.0254424
0.0792761
0.206369
0.467536
0.933854
1.6872
2.79341
4.27958
6.17096
8.3811
10.8171
13.3402
15.7954
18.0329
19.7445
0.0
0.0
0.0
0.0
0.0
0.0
0.0
0.0
0.0
0.0
0.0
0.0
0.0
0.0
0.0
0.0
0.0
0.0
0.0
0.0
0.0
0.0
0.0
0.0
0.0
0.0
0.0
0.0
0.0
0.0
0.0
2.71268e-05
0.000256472
0.00169097
0.00826101
0.0314627
0.0982138
0.253849
0.5726
1.14425
2.07001
3.41257
5.23054
7.52086
10.2039
13.1568
16.2118
19.1801
21.8809
23.9562
0.0
0.0
0.0
0.0
0.0
0.0
0.0
0.0
0.0
0.0
0.0
0.0
0.0
0.0
0.0
0.0
0.0
0.0
0.0
0.0
0.0
0.0
0.0
0.0
0.0
0.0
0.0
0.0
0.0
0.0
0.0
3.44667e-05
0.000323578
0.00212067
0.0103087
0.0390989
0.120643
0.313438
0.705244
1.40189
2.52459
4.16951
6.39627
9.1837
12.4443
16.0276
19.7281
23.3176
26.5777
29.0712
0.0
0.0
0.0
0.0
0.0
0.0
0.0
0.0
0.0
0.0
0.0
0.0
0.0
0.0
0.0
0.0
0.0
0.0
0.0
0.0
0.0
0.0
0.0
0.0
0.0
0.0
0.0
0.0
0.0
0.0
0.0
4.42684e-05
0.000411991
0.00268038
0.0128438
0.0488723
0.150167
0.388759
0.872057
1.73312
3.11563
5.13207
7.88906
11.2395
15.2073
19.5594
24.0448
28.3872
32.3218
35.6294
0.0
0.0
0.0
0.0
0.0
0.0
0.0
0.0
0.0
0.0
0.0
0.0
0.0
0.0
0.0
0.0
0.0
0.0
0.0
0.0
0.0
0.0
0.0
0.0
0.0
0.0
0.0
0.0
0.0
0.0
0.0
5.7605e-05
0.000530328
0.00341931
0.0163993
0.0615097
0.188038
0.486052
1.08337
2.14787
3.84794
6.32321
9.6459
13.7917
18.6275
23.919
29.3602
34.6145
39.3629
42.9966
0.0
0.0
0.0
0.0
0.0
0.0
0.0
0.0
0.0
0.0
0.0
0.0
0.0
0.0
0.0
0.0
0.0
0.0
0.0
0.0
0.0
0.0
0.0
0.0
0.0
0.0
0.0
0.0
0.0
0.0
0.0
7.6142e-05
0.000691647
0.00441067
0.0209642
0.0780487
0.237136
0.608118
1.35325
2.67292
4.77311
7.82104
11.9003
16.9756
22.879
29.3209
35.9191
42.2864
48.0151
52.7965
0.0
0.0
0.0
0.0
0.0
0.0
0.0
0.0
0.0
0.0
0.0
0.0
0.0
0.0
0.0
0.0
0.0
0.0
0.0
0.0
0.0
0.0
0.0
0.0
0.0
0.0
0.0
0.0
0.0
0.0
0.0
0.00010255
0.00091628
0.00576505
0.027103
0.0999873
0.301569
0.768565
1.70134
3.34538
5.95093
9.71772
14.8864
20.9715
28.1905
36.0443
44.0697
51.9787
58.9089
64.4173
0.0
0.0
0.0
0.0
0.0
0.0
0.0
0.0
0.0
0.0
0.0
0.0
0.0
0.0
0.0
0.0
0.0
0.0
0.0
0.0
0.0
0.0
0.0
0.0
0.0
0.0
0.0
0.0
0.0
0.0
1.06234e-05
0.000141301
0.00123713
0.00765704
0.0355206
0.129036
0.38743
0.980002
2.15569
4.20497
7.46467
12.1399
18.3481
26.1609
34.8658
44.4552
54.2144
63.5385
71.8645
78.0476
0.0
0.0
0.0
0.0
0.0
0.0
0.0
0.0
0.0
0.0
0.0
0.0
0.0
0.0
0.0
0.0
0.0
0.0
0.0
0.0
0.0
0.0
0.0
0.0
0.0
0.0
0.0
0.0
0.0
0.0
1.55266e-05
0.000200167
0.00170981
0.0103735
0.0473458
0.169763
0.504025
1.26335
2.75777
5.3585
9.5205
15.2819
23.0904
32.4377
43.5529
55.0453
66.9241
78.2146
88.239
96.462
0.0
0.0
0.0
0.0
0.0
0.0
0.0
0.0
0.0
0.0
0.0
0.0
0.0
0.0
0.0
0.0
0.0
0.0
0.0
0.0
0.0
0.0
0.0
0.0
0.0
0.0
0.0
0.0
0.0
0.0
2.36353e-05
0.000293569
0.00243328
0.0144074
0.0644658
0.228422
0.666231
1.65142
3.57107
6.88331
12.0232
19.4583
29.1018
40.7044
54.1133
68.4862
82.9566
96.6249
109.767
118.479
0.0
0.0
0.0
0.0
0.0
0.0
0.0
0.0
0.0
0.0
0.0
0.0
0.0
0.0
0.0
0.0
0.0
0.0
0.0
0.0
0.0
0.0
0.0
0.0
0.0
0.0
0.0
0.0
0.0
0.0
3.7773e-05
0.000448724
0.00358686
0.0206209
0.0900732
0.312921
0.897838
2.19519
4.72658
8.9559
15.6672
24.7054
36.9982
51.4604
68.0411
85.6871
103.327
119.863
134.321
145.955
0.0
0.0
0.0
0.0
0.0
0.0
0.0
0.0
0.0
0.0
0.0
0.0
0.0
0.0
0.0
0.0
0.0
0.0
0.0
0.0
0.0
0.0
0.0
0.0
0.0
0.0
0.0
0.0
0.0
0.0
6.3783e-05
0.000718216
0.00549751
0.0305075
0.129469
0.439218
1.23536
2.9717
6.26455
11.9239
20.2716
32.0692
47.2897
65.5777
86.141
107.841
129.347
149.325
166.611
178.534
0.0
0.0
0.0
0.0
0.0
0.0
0.0
0.0
0.0
0.0
0.0
0.0
0.0
0.0
0.0
0.0
0.0
0.0
0.0
0.0
0.0
0.0
0.0
0.0
0.0
0.0
0.0
0.0
0.0
0.0
0.000114104
0.00120629
0.00877112
0.0466867
0.191503
0.631767
1.73672
4.09702
8.49723
15.8043
26.7896
41.9323
61.2517
84.2199
109.784
136.489
161.393
186.757
207.331
223.409
0.0
0.0
0.0
0.0
0.0
0.0
0.0
0.0
0.0
0.0
0.0
0.0
0.0
0.0
0.0
0.0
0.0
0.0
0.0
0.0
0.0
0.0
0.0
0.0
0.0
0.0
0.0
0.0
0.0
1.4382e-05
0.000217703
0.00213824
0.014648
0.0742589
0.292691
0.934406
2.49988
5.76502
11.7298
21.4634
36.1805
55.4493
80.1014
109.047
140.877
172.485
205.58
234.468
258.743
277.415
0.0
0.0
0.0
0.0
0.0
0.0
0.0
0.0
0.0
0.0
0.0
0.0
0.0
0.0
0.0
0.0
0.0
0.0
0.0
0.0
0.0
0.0
0.0
0.0
0.0
0.0
0.0
0.0
0.0
3.26784e-05
0.000446373
0.00403111
0.0257726
0.12347
0.464528
1.4272
3.6987
8.30574
16.5238
29.6575
48.7429
74.2501
105.87
142.454
182.116
222.49
261.063
295.516
323.994
345.267
0.0
0.0
0.0
0.0
0.0
0.0
0.0
0.0
0.0
0.0
0.0
0.0
0.0
0.0
0.0
0.0
0.0
0.0
0.0
0.0
0.0
0.0
0.0
0.0
0.0
0.0
0.0
0.0
0.0
8.09517e-05
0.000985397
0.00809074
0.0478304
0.214826
0.766313
2.25297
5.62846
12.257
23.7576
41.6988
67.2139
100.655
141.362
187.656
237.022
286.457
332.9
373.621
406.532
425.037
0.0
0.0
0.0
0.0
0.0
0.0
0.0
0.0
0.0
0.0
0.0
0.0
0.0
0.0
0.0
0.0
0.0
0.0
0.0
0.0
0.0
0.0
0.0
0.0
0.0
0.0
0.0
0.0
1.2845e-05
0.000215774
0.00231782
0.0171584
0.0930885
0.389366
1.30943
3.6651
8.78862
18.4877
34.7944
59.5411
93.8768
137.874
190.324
248.807
309.994
370.12
425.51
473.022
507.893
536.267
0.0
0.0
0.0
0.0
0.0
0.0
0.0
0.0
0.0
0.0
0.0
0.0
0.0
0.0
0.0
0.0
0.0
0.0
0.0
0.0
0.0
0.0
0.0
0.0
0.0
0.0
0.0
0.0
4.31103e-05
0.000616101
0.00578686
0.0383136
0.189425
0.733414
2.31237
6.13284
14.0548
28.4511
51.8142
86.1797
132.546
190.457
257.875
331.379
406.636
479.009
544.18
598.626
632.954
667.029
0.0
0.0
0.0
0.0
0.0
0.0
0.0
0.0
0.0
0.0
0.0
0.0
0.0
0.0
0.0
0.0
0.0
0.0
0.0
0.0
0.0
0.0
0.0
0.0
0.0
0.0
0.0
0.0
0.000154451
0.00186135
0.0151723
0.0892517
0.399828
1.42556
4.19479
10.4978
22.9018
44.4567
79.2662
125.886
188.387
264.253
350.271
441.745
533.158
618.948
685.455
755.093
799.322
825.973
0.0
0.0
0.0
0.0
0.0
0.0
0.0
0.0
0.0
0.0
0.0
0.0
0.0
0.0
0.0
0.0
0.0
0.0
0.0
0.0
0.0
0.0
0.0
0.0
0.0
0.0
0.0
3.71972e-05
0.000579949
0.00585671
0.0411999
0.214369
0.866503
2.8338
7.75375
18.2451
37.7698
70.0909
118.426
184.551
268.124
366.46
468.056
586.876
695.95
795.54
880.257
946.247
991.407
1011.51
0.0
0.0
0.0
0.0
0.0
0.0
0.0
0.0
0.0
0.0
0.0
0.0
0.0
0.0
0.0
0.0
0.0
0.0
0.0
0.0
0.0
0.0
0.0
0.0
0.0
0.0
0.0
0.000177874
0.00223353
0.018838
0.11402
0.523146
1.90264
5.69223
14.4424
31.8682
62.4345
110.491
179.163
269.389
383.848
504.525
638.232
772.622
899.653
1012.16
1104.54
1161.52
1205.18
1234.38
