0.0
0.0
0.0
0.0
0.0
0.0
0.0
0.0
0.0
0.0
0.0
0.0
0.0
0.0
0.0
0.0
0.0
0.0
0.0
0.0
0.0
0.0
0.0
0.0
0.0
0.0
0.0
0.0
0.0
0.0
0.0
0.0
0.0
0.0
0.0
0.0
1.07711e-05
5.19447e-05
0.000195747
0.000600914
0.00155517
0.00348899
0.00694266
0.0124545
0.0205852
0.0315124
0.0452139
0.0612781
0.0789521
0.0972304
0.0
0.0
0.0
0.0
0.0
0.0
0.0
0.0
0.0
0.0
0.0
0.0
0.0
0.0
0.0
0.0
0.0
0.0
0.0
0.0
0.0
0.0
0.0
0.0
0.0
0.0
0.0
0.0
0.0
0.0
0.0
0.0
0.0
0.0
0.0
0.0
1.29999e-05
6.26939e-05
0.00023625
0.000725264
0.00187689
0.00421083
0.00837895
0.015031
0.0248431
0.0380306
0.0545662
0.0739527
0.0952824
0.117341
0.0
0.0
0.0
0.0
0.0
0.0
0.0
0.0
0.0
0.0
0.0
0.0
0.0
0.0
0.0
0.0
0.0
0.0
0.0
0.0
0.0
0.0
0.0
0.0
0.0
0.0
0.0
0.0
0.0
0.0
0.0
0.0
0.0
0.0
0.0
0.0
1.56909e-05
7.56698e-05
0.000285139
0.000875339
0.00226524
0.00508203
0.0101125
0.0181408
0.0299828
0.0458968
0.0658533
0.0892497
0.114991
0.141611
0.0
0.0
0.0
0.0
0.0
0.0
0.0
0.0
0.0
0.0
0.0
0.0
0.0
0.0
0.0
0.0
0.0
0.0
0.0
0.0
0.0
0.0
0.0
0.0
0.0
0.0
0.0
0.0
0.0
0.0
0.0
0.0
0.0
0.0
0.0
0.0
1.89393e-05
9.13329e-05
0.000344159
0.00105649
0.00273405
0.00613366
0.0122048
0.0218942
0.0361859
0.0553751
0.0794763
0.107712
0.138777
0.170903
0.0
0.0
0.0
0.0
0.0
0.0
0.0
0.0
0.0
0.0
0.0
0.0
0.0
0.0
0.0
0.0
0.0
0.0
0.0
0.0
0.0
0.0
0.0
0.0
0.0
0.0
0.0
0.0
0.0
0.0
0.0
0.0
0.0
0.0
0.0
0.0
2.28611e-05
0.000110243
0.000415404
0.00127518
0.00329987
0.00740294
0.0147305
0.0264255
0.043673
0.0668316
0.0959189
0.129995
0.167487
0.206256
0.0
0.0
0.0
0.0
0.0
0.0
0.0
0.0
0.0
0.0
0.0
0.0
0.0
0.0
0.0
0.0
0.0
0.0
0.0
0.0
0.0
0.0
0.0
0.0
0.0
0.0
0.0
0.0
0.0
0.0
0.0
0.0
0.0
0.0
0.0
0.0
2.75965e-05
0.000133074
0.000501417
0.00153919
0.00398299
0.00893527
0.0177792
0.031895
0.0527103
0.0806861
0.115765
0.15689
0.202137
0.248924
0.0
0.0
0.0
0.0
0.0
0.0
0.0
0.0
0.0
0.0
0.0
0.0
0.0
0.0
0.0
0.0
0.0
0.0
0.0
0.0
0.0
0.0
0.0
0.0
0.0
0.0
0.0
0.0
0.0
0.0
0.0
0.0
0.0
0.0
0.0
0.0
3.3315e-05
0.000160641
0.000605269
0.00185791
0.00480762
0.0107852
0.0214594
0.0384977
0.0636188
0.0973846
0.13972
0.189353
0.243958
0.300425
0.0
0.0
0.0
0.0
0.0
0.0
0.0
0.0
0.0
0.0
0.0
0.0
0.0
0.0
0.0
0.0
0.0
0.0
0.0
0.0
0.0
0.0
0.0
0.0
0.0
0.0
0.0
0.0
0.0
0.0
0.0
0.0
0.0
0.0
0.0
0.0
4.02208e-05
0.000193935
0.000730667
0.00224276
0.00580331
0.0130184
0.0259024
0.0464689
0.0767873
0.117541
0.168636
0.228536
0.294438
0.362585
0.0
0.0
0.0
0.0
0.0
0.0
0.0
0.0
0.0
0.0
0.0
0.0
0.0
0.0
0.0
0.0
0.0
0.0
0.0
0.0
0.0
0.0
0.0
0.0
0.0
0.0
0.0
0.0
0.0
0.0
0.0
0.0
0.0
0.0
0.0
0.0
4.85635e-05
0.000234141
0.000882106
0.00270747
0.00700557
0.0157148
0.0312667
0.056093
0.0926856
0.141872
0.203541
0.275837
0.355371
0.437613
0.0
0.0
0.0
0.0
0.0
0.0
0.0
0.0
0.0
0.0
0.0
0.0
0.0
0.0
0.0
0.0
0.0
0.0
0.0
0.0
0.0
0.0
0.0
0.0
0.0
0.0
0.0
0.0
0.0
0.0
0.0
0.0
0.0
0.0
0.0
0.0
5.86406e-05
0.000282709
0.00106501
0.00326874
0.0084575
0.018971
0.0377432
0.0677098
0.11188
0.171499
0.245681
0.332938
0.428926
0.528182
0.0
0.0
0.0
0.0
0.0
0.0
0.0
0.0
0.0
0.0
0.0
0.0
0.0
0.0
0.0
0.0
0.0
0.0
0.0
0.0
0.0
0.0
0.0
0.0
0.0
0.0
0.0
0.0
0.0
0.0
0.0
0.0
0.0
0.0
0.0
1.09152e-05
7.0819e-05
0.000341389
0.00128599
0.00394669
0.010211
0.0229032
0.0455651
0.0819095
0.135055
0.206716
0.296556
0.401874
0.517723
0.637518
0.0
0.0
0.0
0.0
0.0
0.0
0.0
0.0
0.0
0.0
0.0
0.0
0.0
0.0
0.0
0.0
0.0
0.0
0.0
0.0
0.0
0.0
0.0
0.0
0.0
0.0
0.0
0.0
0.0
0.0
0.0
0.0
0.0
0.0
0.0
1.31857e-05
8.55396e-05
0.000412306
0.00155299
0.00476574
0.0123292
0.0276526
0.0550117
0.0988869
0.16304
0.249543
0.357984
0.485104
0.624929
0.769509
0.0
0.0
0.0
0.0
0.0
0.0
0.0
0.0
0.0
0.0
0.0
0.0
0.0
0.0
0.0
0.0
0.0
0.0
0.0
0.0
0.0
0.0
0.0
0.0
0.0
0.0
0.0
0.0
0.0
0.0
0.0
0.0
0.0
0.0
0.0
1.59318e-05
0.000103337
0.000498031
0.00187568
0.00575548
0.0148885
0.0333908
0.0664225
0.119014
0.19684
0.301261
0.432162
0.585599
0.754367
0.92887
0.0
0.0
0.0
0.0
0.0
0.0
0.0
0.0
0.0
0.0
0.0
0.0
0.0
0.0
0.0
0.0
0.0
0.0
0.0
0.0
0.0
0.0
0.0
0.0
0.0
0.0
0.0
0.0
0.0
0.0
0.0
0.0
0.0
0.0
0.0
1.92545e-05
0.000124867
0.000601702
0.00226582
0.0069518
0.0179817
0.0403243
0.0802091
0.143661
0.237667
0.36922
0.521748
0.706956
0.910668
1.12128
0.0
0.0
0.0
0.0
0.0
0.0
0.0
0.0
0.0
0.0
0.0
0.0
0.0
0.0
0.0
0.0
0.0
0.0
0.0
0.0
0.0
0.0
0.0
0.0
0.0
0.0
0.0
0.0
0.0
0.0
0.0
0.0
0.0
0.0
0.0
2.32774e-05
0.000150923
0.000727124
0.00273765
0.0083984
0.0217209
0.0487047
0.0968695
0.17343
0.286993
0.439199
0.629959
0.85354
1.09943
1.35364
0.0
0.0
0.0
0.0
0.0
0.0
0.0
0.0
0.0
0.0
0.0
0.0
0.0
0.0
0.0
0.0
0.0
0.0
0.0
0.0
0.0
0.0
0.0
0.0
0.0
0.0
0.0
0.0
0.0
0.0
0.0
0.0
0.0
0.0
0.0
2.81514e-05
0.000182473
0.000878925
0.00330862
0.0101482
0.0262429
0.0588371
0.11701
0.210642
0.346602
0.530366
0.760686
1.03061
1.32743
1.63427
0.0
0.0
0.0
0.0
0.0
0.0
0.0
0.0
0.0
0.0
0.0
0.0
0.0
0.0
0.0
0.0
0.0
0.0
0.0
0.0
0.0
0.0
0.0
0.0
0.0
0.0
0.0
0.0
0.0
0.0
0.0
0.0
0.0
0.0
0.0
3.40597e-05
0.000220707
0.00106278
0.00399983
0.0122659
0.0317137
0.0710925
0.141365
0.257091
0.418656
0.640564
0.918663
1.24453
1.60287
1.97325
0.0
0.0
0.0
0.0
0.0
0.0
0.0
0.0
0.0
0.0
0.0
0.0
0.0
0.0
0.0
0.0
0.0
0.0
0.0
0.0
0.0
0.0
0.0
0.0
0.0
0.0
0.0
0.0
0.0
0.0
0.0
0.0
0.0
0.0
0.0
4.1231e-05
0.000267072
0.00128564
0.00483723
0.0148301
0.0383359
0.0859215
0.170825
0.310005
0.505774
0.773783
1.1096
1.50308
1.9357
2.38281
0.0
0.0
0.0
0.0
0.0
0.0
0.0
0.0
0.0
0.0
0.0
0.0
0.0
0.0
0.0
0.0
0.0
0.0
0.0
0.0
0.0
0.0
0.0
0.0
0.0
0.0
0.0
0.0
0.0
0.0
0.0
0.0
0.0
0.0
0.0
4.99453e-05
0.000323357
0.00155597
0.00585238
0.0179376
0.0463569
0.103877
0.205602
0.370915
0.611164
0.934898
1.34048
1.81562
2.33797
2.8777
0.0
0.0
0.0
0.0
0.0
0.0
0.0
0.0
0.0
0.0
0.0
0.0
0.0
0.0
0.0
0.0
0.0
0.0
0.0
0.0
0.0
0.0
0.0
0.0
0.0
0.0
0.0
0.0
0.0
0.0
0.0
0.0
0.0
0.0
0.0
6.05471e-05
0.000391782
0.0018843
0.0070844
0.0217062
0.0560798
0.125633
0.249673
0.450376
0.73872
1.12983
1.61975
2.1936
2.82434
3.47598
0.0
0.0
0.0
0.0
0.0
0.0
0.0
0.0
0.0
0.0
0.0
0.0
0.0
0.0
0.0
0.0
0.0
0.0
0.0
0.0
0.0
0.0
0.0
0.0
0.0
0.0
0.0
0.0
0.0
0.0
0.0
0.0
0.0
0.0
0.0
7.3468e-05
0.000475067
0.00228357
0.00858112
0.0262816
0.0678755
0.15201
0.302015
0.545755
0.893175
1.36582
1.95773
2.65088
3.41257
4.19938
0.0
0.0
0.0
0.0
0.0
0.0
0.0
0.0
0.0
0.0
0.0
0.0
0.0
0.0
0.0
0.0
0.0
0.0
0.0
0.0
0.0
0.0
0.0
0.0
0.0
0.0
0.0
0.0
0.0
0.0
0.0
0.0
0.0
0.0
0.0
8.92476e-05
0.000576628
0.00276978
0.0104021
0.0318426
0.082202
0.184026
0.365504
0.656084
1.08036
1.65165
2.36693
3.20438
4.1244
5.07447
0.0
0.0
0.0
0.0
0.0
0.0
0.0
0.0
0.0
0.0
0.0
0.0
0.0
0.0
0.0
0.0
0.0
0.0
0.0
0.0
0.0
0.0
0.0
0.0
0.0
0.0
0.0
0.0
0.0
0.0
0.0
0.0
0.0
0.0
1.17998e-05
0.000108565
0.000700732
0.00336303
0.0126212
0.0386113
0.0996252
0.222931
0.442596
0.794193
1.30738
1.99817
2.86279
3.87476
4.98622
6.13361
0.0
0.0
0.0
0.0
0.0
0.0
0.0
0.0
0.0
0.0
0.0
0.0
0.0
0.0
0.0
0.0
0.0
0.0
0.0
0.0
0.0
0.0
0.0
0.0
0.0
0.0
0.0
0.0
0.0
0.0
0.0
0.0
0.0
0.0
1.43974e-05
0.000132279
0.000852777
0.00408853
0.0153308
0.0468649
0.120845
0.270268
0.536324
0.966468
1.58299
2.41859
3.46411
4.6873
6.03028
7.41617
0.0
0.0
0.0
0.0
0.0
0.0
0.0
0.0
0.0
0.0
0.0
0.0
0.0
0.0
0.0
0.0
0.0
0.0
0.0
0.0
0.0
0.0
0.0
0.0
0.0
0.0
0.0
0.0
0.0
0.0
0.0
0.0
0.0
0.0
1.7607e-05
0.000161498
0.00103962
0.00497808
0.0186466
0.0569518
0.146739
0.327963
0.650444
1.17941
1.91801
2.92928
4.194
5.67303
7.29613
8.97036
0.0
0.0
0.0
0.0
0.0
0.0
0.0
0.0
0.0
0.0
0.0
0.0
0.0
0.0
0.0
0.0
0.0
0.0
0.0
0.0
0.0
0.0
0.0
0.0
0.0
0.0
0.0
0.0
0.0
0.0
0.0
0.0
0.0
0.0
2.15919e-05
0.000197647
0.00127004
0.00607224
0.0227161
0.0693076
0.178408
0.398431
0.789653
1.41872
2.32582
3.55038
5.08091
6.87002
8.83231
10.8553
0.0
0.0
0.0
0.0
0.0
0.0
0.0
0.0
0.0
0.0
0.0
0.0
0.0
0.0
0.0
0.0
0.0
0.0
0.0
0.0
0.0
0.0
0.0
0.0
0.0
0.0
0.0
0.0
0.0
0.0
0.0
0.0
0.0
0.0
2.65689e-05
0.000242605
0.00155552
0.00742338
0.0277285
0.0844885
0.217248
0.484695
0.969235
1.72639
2.82309
4.30698
6.16041
8.32552
10.6987
13.1438
0.0
0.0
0.0
0.0
0.0
0.0
0.0
0.0
0.0
0.0
0.0
0.0
0.0
0.0
0.0
0.0
0.0
0.0
0.0
0.0
0.0
0.0
0.0
0.0
0.0
0.0
0.0
0.0
0.0
0.0
0.0
0.0
0.0
0.0
3.28305e-05
0.000298863
0.00191101
0.00909966
0.0339259
0.103211
0.265031
0.590608
1.16839
2.11173
3.4655
5.23034
7.47644
10.098
12.9694
15.9255
0.0
0.0
0.0
0.0
0.0
0.0
0.0
0.0
0.0
0.0
0.0
0.0
0.0
0.0
0.0
0.0
0.0
0.0
0.0
0.0
0.0
0.0
0.0
0.0
0.0
0.0
0.0
0.0
0.0
0.0
0.0
0.0
0.0
0.0
4.07641e-05
0.000369754
0.00235648
0.0111908
0.0416259
0.126393
0.32403
0.721083
1.42679
2.55936
4.2148
6.35961
9.08372
12.2601
15.7362
19.3112
0.0
0.0
0.0
0.0
0.0
0.0
0.0
0.0
0.0
0.0
0.0
0.0
0.0
0.0
0.0
0.0
0.0
0.0
0.0
0.0
0.0
0.0
0.0
0.0
0.0
0.0
0.0
0.0
0.0
0.0
0.0
0.0
0.0
0.0
5.09278e-05
0.000459827
0.00291876
0.0138145
0.0512461
0.155243
0.397202
0.882436
1.741
3.12641
5.08936
7.74455
11.0514
14.9032
19.1136
23.439
0.0
0.0
0.0
0.0
0.0
0.0
0.0
0.0
0.0
0.0
0.0
0.0
0.0
0.0
0.0
0.0
0.0
0.0
0.0
0.0
0.0
0.0
0.0
0.0
0.0
0.0
0.0
0.0
0.0
0.0
0.0
0.0
0.0
0.0
6.40844e-05
0.000575377
0.00363447
0.0171333
0.0633464
0.191359
0.488453
1.08291
2.13276
3.81085
6.21652
9.44794
13.467
18.1421
23.2455
28.4812
0.0
0.0
0.0
0.0
0.0
0.0
0.0
0.0
0.0
0.0
0.0
0.0
0.0
0.0
0.0
0.0
0.0
0.0
0.0
0.0
0.0
0.0
0.0
0.0
0.0
0.0
0.0
0.0
0.0
0.0
0.0
0.0
0.0
0.0
8.13475e-05
0.000725338
0.00455476
0.021367
0.0786811
0.236864
0.602886
1.33336
2.62039
4.66031
7.61092
11.5502
16.4417
22.1223
28.3131
34.654
0.0
0.0
0.0
0.0
0.0
0.0
0.0
0.0
0.0
0.0
0.0
0.0
0.0
0.0
0.0
0.0
0.0
0.0
0.0
0.0
0.0
0.0
0.0
0.0
0.0
0.0
0.0
0.0
0.0
0.0
0.0
0.0
0.0
0.0
0.000104353
0.000922577
0.00575187
0.0268238
0.0982915
0.294694
0.747449
1.64813
3.23075
5.7328
9.34452
14.2646
20.1181
27.0289
34.5461
42.2302
0.0
0.0
0.0
0.0
0.0
0.0
0.0
0.0
0.0
0.0
0.0
0.0
0.0
0.0
0.0
0.0
0.0
0.0
0.0
0.0
0.0
0.0
0.0
0.0
0.0
0.0
0.0
0.0
0.0
0.0
0.0
0.0
0.0
1.01828e-05
0.000135588
0.00118607
0.00733001
0.0339378
0.123618
0.36878
0.931454
2.04657
3.99951
7.07813
11.5097
17.463
24.6804
33.1002
42.2375
51.5558
0.0
0.0
0.0
0.0
0.0
0.0
0.0
0.0
0.0
0.0
0.0
0.0
0.0
0.0
0.0
0.0
0.0
0.0
0.0
0.0
0.0
0.0
0.0
0.0
0.0
0.0
0.0
0.0
0.0
0.0
0.0
0.0
0.0
1.36538e-05
0.000178868
0.00154441
0.00944264
0.0433376
0.156719
0.464742
1.16789
2.55502
4.97502
8.77645
14.2311
21.4589
30.369
40.644
51.7641
63.0723
0.0
0.0
0.0
0.0
0.0
0.0
0.0
0.0
0.0
0.0
0.0
0.0
0.0
0.0
0.0
0.0
0.0
0.0
0.0
0.0
0.0
0.0
0.0
0.0
0.0
0.0
0.0
0.0
0.0
0.0
0.0
0.0
0.0
1.87169e-05
0.00024032
0.00204202
0.0123231
0.0559562
0.200581
0.590491
1.47493
3.21025
6.22324
10.9368
17.6752
26.5713
37.5013
50.0637
63.6143
77.3473
0.0
0.0
0.0
0.0
0.0
0.0
0.0
0.0
0.0
0.0
0.0
0.0
0.0
0.0
0.0
0.0
0.0
0.0
0.0
0.0
0.0
0.0
0.0
0.0
0.0
0.0
0.0
0.0
0.0
0.0
0.0
0.0
0.0
2.63617e-05
0.000330165
0.00275051
0.0163359
0.0732177
0.259683
0.757794
1.87895
4.06456
7.83781
13.7112
22.0691
33.0649
46.5027
61.8947
78.4312
95.1217
0.0
0.0
0.0
0.0
0.0
0.0
0.0
0.0
0.0
0.0
0.0
0.0
0.0
0.0
0.0
0.0
0.0
0.0
0.0
0.0
0.0
0.0
0.0
0.0
0.0
0.0
0.0
0.0
0.0
0.0
0.0
0.0
0.0
3.83554e-05
0.000466091
0.00379073
0.0220786
0.0974074
0.341024
0.984579
2.41962
5.19485
9.95362
17.3163
27.736
41.3634
57.9569
76.8609
97.0735
117.376
0.0
0.0
0.0
0.0
0.0
0.0
0.0
0.0
0.0
0.0
0.0
0.0
0.0
0.0
0.0
0.0
0.0
0.0
0.0
0.0
0.0
0.0
0.0
0.0
0.0
0.0
0.0
0.0
0.0
0.0
0.0
0.0
0.0
5.80597e-05
0.000680518
0.00537549
0.0305756
0.132321
0.455983
1.29938
3.15851
6.69929
12.7738
22.0709
35.14
52.1254
72.6824
95.966
120.715
145.428
0.0
0.0
0.0
0.0
0.0
0.0
0.0
0.0
0.0
0.0
0.0
0.0
0.0
0.0
0.0
0.0
0.0
0.0
0.0
0.0
0.0
0.0
0.0
0.0
0.0
0.0
0.0
0.0
0.0
0.0
0.0
0.0
0.0
9.22045e-05
0.00103471
0.00789034
0.0436123
0.184353
0.623165
1.74761
4.19177
8.81708
16.5994
28.4425
44.9516
66.241
91.8192
120.582
150.941
181.034
0.0
0.0
0.0
0.0
0.0
0.0
0.0
0.0
0.0
0.0
0.0
0.0
0.0
0.0
0.0
0.0
0.0
0.0
0.0
0.0
0.0
0.0
0.0
0.0
0.0
0.0
0.0
0.0
0.0
0.0
0.0
0.0
0.0
0.000154471
0.00164573
0.0120312
0.0642539
0.264076
0.872212
2.39944
5.66339
11.7512
21.8679
37.0913
58.1005
84.9423
116.902
152.535
189.825
226.473
0.0
0.0
0.0
0.0
0.0
0.0
0.0
0.0
0.0
0.0
0.0
0.0
0.0
0.0
0.0
0.0
0.0
0.0
0.0
0.0
0.0
0.0
0.0
0.0
0.0
0.0
0.0
0.0
0.0
0.0
0.0
0.0
1.7628e-05
0.000273869
0.00274382
0.0190815
0.0978488
0.389045
1.25047
3.36331
7.78976
15.908
29.2008
48.9457
75.87
109.891
149.975
194.212
240.042
284.622
0.0
0.0
0.0
0.0
0.0
0.0
0.0
0.0
0.0
0.0
0.0
0.0
0.0
0.0
0.0
0.0
0.0
0.0
0.0
0.0
0.0
0.0
0.0
0.0
0.0
0.0
0.0
0.0
0.0
0.0
0.0
0.0
3.63346e-05
0.000516935
0.00482206
0.0316425
0.15474
0.591828
1.84229
4.82552
10.9316
21.9096
39.5781
65.4213
100.171
143.509
193.946
248.939
305.24
359.342
0.0
0.0
0.0
0.0
0.0
0.0
0.0
0.0
0.0
0.0
0.0
0.0
0.0
0.0
0.0
0.0
0.0
0.0
0.0
0.0
0.0
0.0
0.0
0.0
0.0
0.0
0.0
0.0
0.0
0.0
0.0
0.0
8.13435e-05
0.00104713
0.00900011
0.0552225
0.255572
0.934162
2.80106
7.11288
15.6989
30.7793
54.56
88.7163
133.679
189.37
252.993
321.392
390.442
455.848
0.0
0.0
0.0
0.0
0.0
0.0
0.0
0.0
0.0
0.0
0.0
0.0
0.0
0.0
0.0
0.0
0.0
0.0
0.0
0.0
0.0
0.0
0.0
0.0
0.0
0.0
0.0
0.0
0.0
0.0
0.0
1.08598e-05
0.000198179
0.00228007
0.0178644
0.101538
0.441262
1.53124
4.39868
10.7764
23.082
44.114
76.4593
122.046
181.126
252.378
332.711
417.659
502.021
580.584
0.0
0.0
0.0
0.0
0.0
0.0
0.0
0.0
0.0
0.0
0.0
0.0
0.0
0.0
0.0
0.0
0.0
0.0
0.0
0.0
0.0
0.0
0.0
0.0
0.0
0.0
0.0
0.0
0.0
0.0
0.0
3.29298e-05
0.000518873
0.00528504
0.0374126
0.19561
0.793069
2.59811
7.11402
16.7439
34.6701
64.3782
108.899
169.996
247.503
339.068
440.293
545.319
647.667
741.111
0.0
0.0
0.0
0.0
0.0
0.0
0.0
0.0
0.0
0.0
0.0
0.0
0.0
0.0
0.0
0.0
0.0
0.0
0.0
0.0
0.0
0.0
0.0
0.0
0.0
0.0
0.0
0.0
0.0
0.0
0.0
0.000107984
0.00145324
0.0129834
0.0824467
0.393669
1.48005
4.55296
11.8276
26.6316
53.1072
95.4865
157.073
239.285
340.978
458.311
585.166
713.981
836.817
946.401
0.0
0.0
0.0
0.0
0.0
0.0
0.0
0.0
0.0
0.0
0.0
0.0
0.0
0.0
0.0
0.0
0.0
0.0
0.0
0.0
0.0
0.0
0.0
0.0
0.0
0.0
0.0
0.0
0.0
0.0
2.09436e-05
0.000377564
0.00430247
0.033472
0.189375
0.82116
2.84862
8.1913
20.1037
43.1379
82.5623
143.284
228.567
338.952
471.696
620.899
778.254
934.225
1079.34
1205.38
0.0
0.0
0.0
0.0
0.0
0.0
0.0
0.0
0.0
0.0
0.0
0.0
0.0
0.0
0.0
0.0
0.0
0.0
0.0
0.0
0.0
0.0
0.0
0.0
0.0
0.0
0.0
0.0
0.0
0.0
9.43497e-05
0.00138234
0.013256
0.0892557
0.448212
1.75776
5.60449
15.0081
34.6814
70.6917
129.458
216.253
333.69
480.664
652.051
839.25
1031.4
1216.83
1384.66
1525.94
0.0
0.0
0.0
0.0
0.0
0.0
0.0
0.0
0.0
0.0
0.0
0.0
0.0
0.0
0.0
0.0
0.0
0.0
0.0
0.0
0.0
0.0
0.0
0.0
0.0
0.0
0.0
0.0
0.0
2.31234e-05
0.000437391
0.00518815
0.0417228
0.242782
1.07745
3.80009
11.1372
27.7029
60.1063
116.074
202.897
325.527
484.966
677.455
897.031
1124.88
1354.35
1569.48
1758.28
1911.52
