Src1246, ts=2887.5390, z=0.0826, lum=44.9026, ind=1.8992 E(TeV) E_high(TeV) E_low(TeV) Flux(TeV{-1}.m{-2}.s{-1}) Flux error(TeV{-1}.m{-2}.s{-1})
1.258925e-01 2.589254e-02 3.259678e-02 3.501217e-06 2.821648e-07
1.995262e-01 4.103691e-02 5.166241e-02 1.577876e-06 9.823609e-08
3.162278e-01 6.503912e-02 8.187940e-02 5.705461e-07 3.669204e-08
5.011872e-01 1.030801e-01 1.297701e-01 1.726569e-07 1.342180e-08
7.943282e-01 1.633709e-01 2.056718e-01 5.735049e-08 5.351886e-09
1.258925e+00 2.589254e-01 3.259678e-01 1.773337e-08 2.089831e-09
1.995262e+00 4.103691e-01 5.166241e-01 4.824319e-09 7.971869e-10
3.162278e+00 6.503912e-01 8.187940e-01 1.768391e-09 3.537392e-10
5.011872e+00 1.030801e+00 1.297701e+00 5.300611e-10 1.466517e-10
1.258925e+01 2.589254e+00 3.259678e+00 2.522069e-11 1.830297e-11
