Src4245, ts=16113.1950, z=0.0514, lum=44.3211, ind=1.5783 E(TeV) E_high(TeV) E_low(TeV) Flux(TeV{-1}.m{-2}.s{-1}) Flux error(TeV{-1}.m{-2}.s{-1})
1.188502e-01 1.885022e-02 2.240353e-02 7.496565e-06 8.092520e-07
1.678804e-01 2.662665e-02 3.164583e-02 3.721827e-06 2.813667e-07
2.371374e-01 3.761114e-02 4.470092e-02 2.251632e-06 1.329868e-07
3.349654e-01 5.312715e-02 6.314173e-02 1.197282e-06 7.198175e-08
4.731513e-01 7.504409e-02 8.919007e-02 6.027417e-07 3.781100e-08
6.683439e-01 1.060026e-01 1.259843e-01 3.093249e-07 1.924100e-08
9.440609e-01 1.497326e-01 1.779576e-01 1.650905e-07 9.524030e-09
1.333521e+00 2.115030e-01 2.513718e-01 7.798872e-08 4.544759e-09
1.883649e+00 2.987559e-01 3.550720e-01 4.074115e-08 2.455833e-09
2.660725e+00 4.220039e-01 5.015526e-01 1.986500e-08 1.356181e-09
3.758374e+00 5.960964e-01 7.084619e-01 1.038359e-08 7.892040e-10
5.308844e+00 8.420085e-01 1.000729e+00 4.964365e-09 4.365223e-10
7.498942e+00 1.189369e+00 1.413567e+00 2.208039e-09 2.361187e-10
1.059254e+01 1.680028e+00 1.996717e+00 8.733516e-10 1.196813e-10
1.496236e+01 2.373102e+00 2.820438e+00 2.044597e-10 4.773457e-11
2.113489e+01 3.352096e+00 3.983974e+00 3.544700e-11 1.707581e-11
