Src5745, ts=1316.962, z=0.0921, lum=43.8548, ind=1.5137 E(TeV) E_high(TeV) E_low(TeV) Flux(TeV{-1}.m{-2}.s{-1}) Flux error(TeV{-1}.m{-2}.s{-1})
1.188502e-01 1.885022e-02 2.240353e-02 1.024807e-06 2.954128e-07
1.678804e-01 2.662665e-02 3.164583e-02 4.558151e-07 1.048057e-07
2.371374e-01 3.761114e-02 4.470092e-02 2.911813e-07 4.451929e-08
3.349654e-01 5.312715e-02 6.314173e-02 1.252207e-07 1.865746e-08
4.731513e-01 7.504409e-02 8.919007e-02 7.974572e-08 9.544001e-09
6.683439e-01 1.060026e-01 1.259843e-01 3.006423e-08 4.015735e-09
9.440609e-01 1.497326e-01 1.779576e-01 1.263508e-08 1.835401e-09
1.333521e+00 2.115030e-01 2.513718e-01 7.216069e-09 9.418787e-10
1.883649e+00 2.987559e-01 3.550720e-01 3.783028e-09 4.805021e-10
2.660725e+00 4.220039e-01 5.015526e-01 1.694175e-09 2.403858e-10
3.758374e+00 5.960964e-01 7.084619e-01 6.365924e-10 1.153244e-10
5.308844e+00 8.420085e-01 1.000729e+00 2.703371e-10 5.868266e-11
7.498942e+00 1.189369e+00 1.413567e+00 1.199598e-10 3.179891e-11
1.059254e+01 1.680028e+00 1.996717e+00 3.696486e-11 1.475429e-11
