Src5653, ts=4081.4060, z=0.0764, lum=44.1480, ind=1.4772 E(TeV) E_high(TeV) E_low(TeV) Flux(TeV{-1}.m{-2}.s{-1}) Flux error(TeV{-1}.m{-2}.s{-1})
1.258925e-01 2.589254e-02 3.259678e-02 2.685348e-06 4.510346e-07
1.995262e-01 4.103691e-02 5.166241e-02 1.000994e-06 1.148128e-07
3.162278e-01 6.503912e-02 8.187940e-02 6.130984e-07 4.881246e-08
5.011872e-01 1.030801e-01 1.297701e-01 2.116598e-07 1.890945e-08
7.943282e-01 1.633709e-01 2.056718e-01 8.872640e-08 7.536686e-09
1.258925e+00 2.589254e-01 3.259678e-01 3.438661e-08 2.804364e-09
1.995262e+00 4.103691e-01 5.166241e-01 1.289882e-08 1.153726e-09
3.162278e+00 6.503912e-01 8.187940e-01 4.869302e-09 5.239175e-10
5.011872e+00 1.030801e+00 1.297701e+00 1.503987e-09 2.163959e-10
7.943282e+00 1.633709e+00 2.056718e+00 5.306793e-10 9.592916e-11
1.258925e+01 2.589254e+00 3.259678e+00 1.246662e-10 3.535319e-11
