Src6447, ts=10250.329, z=0.0607, lum=44.3514, ind=1.7135 E(TeV) E_high(TeV) E_low(TeV) Flux(TeV{-1}.m{-2}.s{-1}) Flux error(TeV{-1}.m{-2}.s{-1})
1.188502e-01 1.885022e-02 2.240353e-02 4.042337e-06 3.665367e-07
1.678804e-01 2.662665e-02 3.164583e-02 2.297347e-06 1.498673e-07
2.371374e-01 3.761114e-02 4.470092e-02 1.179951e-06 6.843559e-08
3.349654e-01 5.312715e-02 6.314173e-02 5.043104e-07 3.105573e-08
4.731513e-01 7.504409e-02 8.919007e-02 2.940240e-07 1.635525e-08
6.683439e-01 1.060026e-01 1.259843e-01 1.277385e-07 7.705337e-09
9.440609e-01 1.497326e-01 1.779576e-01 6.281347e-08 3.805724e-09
1.333521e+00 2.115030e-01 2.513718e-01 3.130282e-08 1.881387e-09
1.883649e+00 2.987559e-01 3.550720e-01 1.380587e-08 9.006391e-10
2.660725e+00 4.220039e-01 5.015526e-01 7.244697e-09 4.880103e-10
3.758374e+00 5.960964e-01 7.084619e-01 2.616733e-09 2.289760e-10
5.308844e+00 8.420085e-01 1.000729e+00 1.232642e-09 1.234192e-10
7.498942e+00 1.189369e+00 1.413567e+00 4.052551e-10 5.644407e-11
1.059254e+01 1.680028e+00 1.996717e+00 1.687426e-10 2.942423e-11
1.496236e+01 2.373102e+00 2.820438e+00 4.803853e-11 1.298930e-11
