Src760, ts=1949.021, z=0.1921, lum=45.3651, ind=1.7051 E(TeV) E_high(TeV) E_low(TeV) Flux(TeV{-1}.m{-2}.s{-1}) Flux error(TeV{-1}.m{-2}.s{-1})
1.188502e-01 1.885022e-02 2.240353e-02 3.726437e-06 3.364660e-07
1.678804e-01 2.662665e-02 3.164583e-02 1.739241e-06 1.232349e-07
2.371374e-01 3.761114e-02 4.470092e-02 8.306043e-07 5.377093e-08
3.349654e-01 5.312715e-02 6.314173e-02 3.018040e-07 2.318196e-08
4.731513e-01 7.504409e-02 8.919007e-02 1.105603e-07 1.022502e-08
6.683439e-01 1.060026e-01 1.259843e-01 2.961244e-08 3.906735e-09
9.440609e-01 1.497326e-01 1.779576e-01 1.375985e-08 1.813386e-09
1.333521e+00 2.115030e-01 2.513718e-01 4.531675e-09 7.243341e-10
1.883649e+00 2.987559e-01 3.550720e-01 1.540784e-09 3.167438e-10
2.660725e+00 4.220039e-01 5.015526e-01 4.280352e-10 1.301117e-10
