Src7796, ts=2054.116, z=0.1245, lum=44.5434, ind=1.5030 E(TeV) E_high(TeV) E_low(TeV) Flux(TeV{-1}.m{-2}.s{-1}) Flux error(TeV{-1}.m{-2}.s{-1})
1.188502e-01 1.885022e-02 2.240353e-02 1.408959e-06 4.566098e-07
1.678804e-01 2.662665e-02 3.164583e-02 1.041568e-06 1.431701e-07
2.371374e-01 3.761114e-02 4.470092e-02 5.380520e-07 5.696466e-08
3.349654e-01 5.312715e-02 6.314173e-02 3.303706e-07 3.031953e-08
4.731513e-01 7.504409e-02 8.919007e-02 1.446654e-07 1.423336e-08
6.683439e-01 1.060026e-01 1.259843e-01 5.982647e-08 6.508345e-09
9.440609e-01 1.497326e-01 1.779576e-01 2.530757e-08 2.860290e-09
1.333521e+00 2.115030e-01 2.513718e-01 1.160951e-08 1.302067e-09
1.883649e+00 2.987559e-01 3.550720e-01 4.978415e-09 6.319334e-10
2.660725e+00 4.220039e-01 5.015526e-01 2.155952e-09 3.262976e-10
3.758374e+00 5.960964e-01 7.084619e-01 7.550146e-10 1.542148e-10
5.308844e+00 8.420085e-01 1.000729e+00 3.224943e-10 8.163354e-11
