Src7130, ts=1701.459, z=0.0771, lum=43.9256, ind=1.6232 E(TeV) E_high(TeV) E_low(TeV) Flux(TeV{-1}.m{-2}.s{-1}) Flux error(TeV{-1}.m{-2}.s{-1})
1.188502e-01 1.885022e-02 2.240353e-02 1.640717e-06 3.325025e-07
1.678804e-01 2.662665e-02 3.164583e-02 7.296515e-07 1.180029e-07
2.371374e-01 3.761114e-02 4.470092e-02 4.099907e-07 5.045689e-08
3.349654e-01 5.312715e-02 6.314173e-02 1.478420e-07 2.109772e-08
4.731513e-01 7.504409e-02 8.919007e-02 7.861927e-08 9.994590e-09
6.683439e-01 1.060026e-01 1.259843e-01 3.892035e-08 4.755175e-09
9.440609e-01 1.497326e-01 1.779576e-01 1.890268e-08 2.308586e-09
1.333521e+00 2.115030e-01 2.513718e-01 8.745353e-09 1.085303e-09
1.883649e+00 2.987559e-01 3.550720e-01 4.395000e-09 5.371904e-10
2.660725e+00 4.220039e-01 5.015526e-01 1.987409e-09 2.728118e-10
3.758374e+00 5.960964e-01 7.084619e-01 8.966291e-10 1.413228e-10
5.308844e+00 8.420085e-01 1.000729e+00 4.495035e-10 7.667869e-11
7.498942e+00 1.189369e+00 1.413567e+00 1.459888e-10 3.595134e-11
1.059254e+01 1.680028e+00 1.996717e+00 4.465251e-11 1.646686e-11
1.496236e+01 2.373102e+00 2.820438e+00 1.464746e-11 7.765294e-12
